CAR_ID,logg_time,rpm,batt_temp,engine_temp,speed,mileage,estimated_mileage,batt_charge_in_perc,batt_charge_in_w,cpu_temp,gpu_temp,c_in,c_out,v_in,v_out,solar_charge_temp,drive_mode_state,wire_charge_state,solar_charge_state,engine_error_state,parking_brake_state,hazard_state,right_indicator_state,high_beam_lights_state,low_beam_lights_state,position_lights_state,left_indicator_state
car-1,2024-06-18 13:05:35,0,0,0,0,0,0,0,0,46,48,0,0,0,0,0,0,0,0,0,1,0,0,0,0,0,0
car-1,2024-06-18 13:05:45,0,0,0,0,0,0,0,0,47,47,0,0,0,0,0,0,0,0,0,1,0,0,0,0,0,0
car-1,2024-06-18 13:05:55,0,0,0,0,0,0,0,0,48,48,0,0,0,0,0,0,0,0,0,1,0,0,0,0,0,0
car-1,2024-06-18 13:19:16,0,0,0,0,0,0,0,0,52,51,0,0,0,0,0,0,0,0,0,1,0,0,1,1,1,0
car-1,2024-06-18 13:21:28,0,0,0,0,0,0,0,0,51,52,0,0,0,0,0,0,0,0,0,0,0,0,0,0,0,0
car-1,2024-06-18 13:21:38,0,0,0,0,0,0,0,0,52,51,0,0,0,0,0,0,0,0,0,0,0,0,0,0,0,0
car-1,2024-06-18 13:21:48,0,0,0,0,0,0,0,0,50,51,0,0,0,0,0,0,0,0,0,0,0,0,0,0,0,0
car-1,2024-06-18 13:21:58,0,0,0,0,0,0,0,0,50,50,0,0,0,0,0,0,0,0,0,0,0,0,0,0,0,0
car-1,2024-06-18 13:22:08,0,0,0,0,0,0,0,0,51,51,0,0,0,0,0,0,0,0,0,0,0,0,0,0,0,0
car-1,2024-06-18 13:22:18,0,0,0,0,0,0,0,0,50,52,0,0,0,0,0,0,0,0,0,0,0,0,0,0,0,0
car-1,2024-06-18 13:22:28,0,0,0,0,0,0,0,0,50,50,0,0,0,0,0,0,0,0,0,0,0,0,0,0,0,0
car-1,2024-06-18 13:22:38,0,0,0,0,0,0,0,0,50,50,0,0,0,0,0,0,0,0,0,0,0,0,0,0,0,0
car-1,2024-06-18 13:22:48,0,0,0,0,0,0,0,0,50,51,0,0,0,0,0,0,0,0,0,0,0,0,0,0,0,0
car-1,2024-06-18 13:22:58,0,0,0,0,0,0,0,0,51,50,0,0,0,0,0,0,0,0,0,0,0,0,0,0,0,0
car-1,2024-06-18 13:23:08,0,0,0,0,0,0,0,0,51,50,0,0,0,0,0,0,0,0,0,0,0,0,0,0,0,0
car-1,2024-06-18 13:23:18,0,0,0,0,0,0,0,0,50,49,0,0,0,0,0,0,0,0,0,0,0,0,0,0,0,0
car-1,2024-06-18 13:23:28,0,0,0,0,0,0,0,0,51,50,0,0,0,0,0,0,0,0,0,0,0,0,0,0,0,0
car-1,2024-06-18 13:23:38,0,0,0,0,0,0,0,0,49,49,0,0,0,0,0,0,0,0,0,0,0,0,0,0,0,0
car-1,2024-06-18 13:23:48,0,0,0,0,0,0,0,0,51,50,0,0,0,0,0,0,0,0,0,0,0,0,0,0,0,0
car-1,2024-06-18 13:23:58,0,0,0,0,0,0,0,0,49,49,0,0,0,0,0,0,0,0,0,0,0,0,0,0,0,0
car-1,2024-06-18 13:24:08,0,0,0,0,0,0,0,0,49,49,0,0,0,0,0,0,0,0,0,0,0,0,0,0,0,0
car-1,2024-06-18 13:24:18,0,0,0,0,0,0,0,0,48,48,0,0,0,0,0,0,0,0,0,0,0,0,0,0,0,0
car-1,2024-06-18 13:24:28,0,0,0,0,0,0,0,0,50,49,0,0,0,0,0,0,0,0,0,0,0,0,0,0,0,0
car-1,2024-06-18 13:24:38,0,0,0,0,0,0,0,0,50,49,0,0,0,0,0,0,0,0,0,0,0,0,0,0,0,0
car-1,2024-06-18 13:24:48,0,0,0,0,0,0,0,0,49,49,0,0,0,0,0,0,0,0,0,0,0,0,0,0,0,0
car-1,2024-06-18 13:24:58,0,0,0,0,0,0,0,0,49,49,0,0,0,0,0,0,0,0,0,0,0,0,0,0,0,0
car-1,2024-06-18 13:25:08,0,0,0,0,0,0,0,0,49,48,0,0,0,0,0,0,0,0,0,0,0,0,0,0,0,0
car-1,2024-06-18 13:25:18,0,0,0,0,0,0,0,0,48,48,0,0,0,0,0,0,0,0,0,0,0,0,0,0,0,0
car-1,2024-06-18 13:25:28,0,0,0,0,0,0,0,0,49,49,0,0,0,0,0,0,0,0,0,0,0,0,0,0,0,0
car-1,2024-06-18 13:25:38,0,0,0,0,0,0,0,0,49,49,0,0,0,0,0,0,0,0,0,0,0,0,0,0,0,0
car-1,2024-06-18 13:25:48,0,0,0,0,0,0,0,0,48,48,0,0,0,0,0,0,0,0,0,0,0,0,0,0,0,0
car-1,2024-06-18 13:25:58,0,0,0,0,0,0,0,0,47,48,0,0,0,0,0,0,0,0,0,0,0,0,0,0,0,0
car-1,2024-06-18 13:26:08,0,0,0,0,0,0,0,0,49,48,0,0,0,0,0,0,0,0,0,0,0,0,0,0,0,0
car-1,2024-06-18 13:26:18,0,0,0,0,0,0,0,0,48,49,0,0,0,0,0,0,0,0,0,0,0,0,0,0,0,0
car-1,2024-06-18 13:26:28,0,0,0,0,0,0,0,0,48,48,0,0,0,0,0,0,0,0,0,0,0,0,0,0,0,0
car-1,2024-06-18 13:26:38,0,0,0,0,0,0,0,0,49,48,0,0,0,0,0,0,0,0,0,0,0,0,0,0,0,0
car-1,2024-06-18 13:26:48,0,0,0,0,0,0,0,0,49,48,0,0,0,0,0,0,0,0,0,0,0,0,0,0,0,0
car-1,2024-06-18 13:26:58,0,0,0,0,0,0,0,0,49,48,0,0,0,0,0,0,0,0,0,0,0,0,0,0,0,0
car-1,2024-06-18 13:27:08,0,0,0,0,0,0,0,0,49,48,0,0,0,0,0,0,0,0,0,0,0,0,0,0,0,0
car-1,2024-06-18 13:27:18,0,0,0,0,0,0,0,0,49,48,0,0,0,0,0,0,0,0,0,0,0,0,0,0,0,0
car-1,2024-06-18 13:27:28,0,0,0,0,0,0,0,0,48,48,0,0,0,0,0,0,0,0,0,0,0,0,0,0,0,0
car-1,2024-06-18 13:27:38,0,0,0,0,0,0,0,0,48,48,0,0,0,0,0,0,0,0,0,0,0,0,0,0,0,0
car-1,2024-06-18 13:27:48,0,0,0,0,0,0,0,0,48,48,0,0,0,0,0,0,0,0,0,0,0,0,0,0,0,0
car-1,2024-06-18 13:27:58,0,0,0,0,0,0,0,0,47,49,0,0,0,0,0,0,0,0,0,0,0,0,0,0,0,0
car-1,2024-06-18 13:28:08,0,0,0,0,0,0,0,0,48,48,0,0,0,0,0,0,0,0,0,0,0,0,0,0,0,0
car-1,2024-06-18 13:28:18,0,0,0,0,0,0,0,0,48,48,0,0,0,0,0,0,0,0,0,0,0,0,0,0,0,0
car-1,2024-06-18 13:28:28,0,0,0,0,0,0,0,0,48,48,0,0,0,0,0,0,0,0,0,0,0,0,0,0,0,0
car-1,2024-06-18 13:28:38,0,0,0,0,0,0,0,0,48,48,0,0,0,0,0,0,0,0,0,0,0,0,0,0,0,0
car-1,2024-06-18 13:28:48,0,0,0,0,0,0,0,0,48,47,0,0,0,0,0,0,0,0,0,0,0,0,0,0,0,0
car-1,2024-06-18 13:28:58,0,0,0,0,0,0,0,0,48,48,0,0,0,0,0,0,0,0,0,0,0,0,0,0,0,0
car-1,2024-06-18 13:29:08,0,0,0,0,0,0,0,0,47,47,0,0,0,0,0,0,0,0,0,0,0,0,0,0,0,0
car-1,2024-06-18 13:29:18,0,0,0,0,0,0,0,0,49,48,0,0,0,0,0,0,0,0,0,0,0,0,0,0,0,0
car-1,2024-06-18 13:29:28,0,0,0,0,0,0,0,0,47,49,0,0,0,0,0,0,0,0,0,0,0,0,0,0,0,0
car-1,2024-06-18 13:29:38,0,0,0,0,0,0,0,0,48,48,0,0,0,0,0,0,0,0,0,0,0,0,0,0,0,0
car-1,2024-06-18 13:29:48,0,0,0,0,0,0,0,0,48,48,0,0,0,0,0,0,0,0,0,0,0,0,0,0,0,0
car-1,2024-06-18 13:29:58,0,0,0,0,0,0,0,0,49,48,0,0,0,0,0,0,0,0,0,0,0,0,0,0,0,0
car-1,2024-06-18 13:30:08,0,0,0,0,0,0,0,0,48,47,0,0,0,0,0,0,0,0,0,0,0,0,0,0,0,0
car-1,2024-06-18 13:30:18,0,0,0,0,0,0,0,0,48,47,0,0,0,0,0,0,0,0,0,0,0,0,0,0,0,0
car-1,2024-06-18 13:30:28,0,0,0,0,0,0,0,0,47,46,0,0,0,0,0,0,0,0,0,0,0,0,0,0,0,0
car-1,2024-06-18 13:30:38,0,0,0,0,0,0,0,0,48,47,0,0,0,0,0,0,0,0,0,0,0,0,0,0,0,0
car-1,2024-06-18 13:30:48,0,0,0,0,0,0,0,0,48,48,0,0,0,0,0,0,0,0,0,0,0,0,0,0,0,0
car-1,2024-06-18 13:30:58,0,0,0,0,0,0,0,0,47,47,0,0,0,0,0,0,0,0,0,0,0,0,0,0,0,0
car-1,2024-06-18 13:31:08,0,0,0,0,0,0,0,0,47,48,0,0,0,0,0,0,0,0,0,0,0,0,0,0,0,0
car-1,2024-06-18 13:31:18,0,0,0,0,0,0,0,0,47,48,0,0,0,0,0,0,0,0,0,0,0,0,0,0,0,0
car-1,2024-06-18 13:31:28,0,0,0,0,0,0,0,0,47,48,0,0,0,0,0,0,0,0,0,0,0,0,0,0,0,0
car-1,2024-06-18 13:31:38,0,0,0,0,0,0,0,0,46,48,0,0,0,0,0,0,0,0,0,0,0,0,0,0,0,0
car-1,2024-06-18 13:31:48,0,0,0,0,0,0,0,0,48,47,0,0,0,0,0,0,0,0,0,0,0,0,0,0,0,0
car-1,2024-06-18 13:31:58,0,0,0,0,0,0,0,0,47,48,0,0,0,0,0,0,0,0,0,0,0,0,0,0,0,0
car-1,2024-06-18 13:32:08,0,0,0,0,0,0,0,0,48,48,0,0,0,0,0,0,0,0,0,0,0,0,0,0,0,0
car-1,2024-06-18 13:32:18,0,0,0,0,0,0,0,0,47,47,0,0,0,0,0,0,0,0,0,0,0,0,0,0,0,0
car-1,2024-06-18 13:32:28,0,0,0,0,0,0,0,0,47,46,0,0,0,0,0,0,0,0,0,0,0,0,0,0,0,0
car-1,2024-06-18 13:32:38,0,0,0,0,0,0,0,0,47,47,0,0,0,0,0,0,0,0,0,0,0,0,0,0,0,0
car-1,2024-06-18 13:32:48,0,0,0,0,0,0,0,0,47,47,0,0,0,0,0,0,0,0,0,0,0,0,0,0,0,0
car-1,2024-06-18 13:32:58,0,0,0,0,0,0,0,0,47,47,0,0,0,0,0,0,0,0,0,0,0,0,0,0,0,0
car-1,2024-06-18 13:33:08,0,0,0,0,0,0,0,0,47,48,0,0,0,0,0,0,0,0,0,0,0,0,0,0,0,0
car-1,2024-06-18 13:33:18,0,0,0,0,0,0,0,0,47,47,0,0,0,0,0,0,0,0,0,0,0,0,0,0,0,0
car-1,2024-06-18 13:33:28,0,0,0,0,0,0,0,0,47,47,0,0,0,0,0,0,0,0,0,0,0,0,0,0,0,0
car-1,2024-06-18 13:33:38,0,0,0,0,0,0,0,0,47,47,0,0,0,0,0,0,0,0,0,0,0,0,0,0,0,0
car-1,2024-06-18 13:33:48,0,0,0,0,0,0,0,0,46,47,0,0,0,0,0,0,0,0,0,0,0,0,0,0,0,0
car-1,2024-06-18 13:33:58,0,0,0,0,0,0,0,0,47,48,0,0,0,0,0,0,0,0,0,0,0,0,0,0,0,0
car-1,2024-06-18 13:34:08,0,0,0,0,0,0,0,0,47,48,0,0,0,0,0,0,0,0,0,0,0,0,0,0,0,0
car-1,2024-06-18 13:34:18,0,0,0,0,0,0,0,0,47,47,0,0,0,0,0,0,0,0,0,0,0,0,0,0,0,0
car-1,2024-06-18 13:34:28,0,0,0,0,0,0,0,0,47,47,0,0,0,0,0,0,0,0,0,0,0,0,0,0,0,0
car-1,2024-06-18 13:34:38,0,0,0,0,0,0,0,0,48,47,0,0,0,0,0,0,0,0,0,0,0,0,0,0,0,0
car-1,2024-06-18 13:34:48,0,0,0,0,0,0,0,0,47,47,0,0,0,0,0,0,0,0,0,0,0,0,0,0,0,0
car-1,2024-06-18 13:34:58,0,0,0,0,0,0,0,0,47,46,0,0,0,0,0,0,0,0,0,0,0,0,0,0,0,0
car-1,2024-06-18 13:35:08,0,0,0,0,0,0,0,0,48,47,0,0,0,0,0,0,0,0,0,0,0,0,0,0,0,0
car-1,2024-06-18 13:35:18,0,0,0,0,0,0,0,0,47,47,0,0,0,0,0,0,0,0,0,0,0,0,0,0,0,0
car-1,2024-06-18 13:35:28,0,0,0,0,0,0,0,0,47,47,0,0,0,0,0,0,0,0,0,0,0,0,0,0,0,0
car-1,2024-06-18 13:35:38,0,0,0,0,0,0,0,0,46,47,0,0,0,0,0,0,0,0,0,0,0,0,0,0,0,0
car-1,2024-06-18 13:35:48,0,0,0,0,0,0,0,0,48,46,0,0,0,0,0,0,0,0,0,0,0,0,0,0,0,0
car-1,2024-06-18 13:35:58,0,0,0,0,0,0,0,0,46,48,0,0,0,0,0,0,0,0,0,0,0,0,0,0,0,0
car-1,2024-06-18 13:36:08,0,0,0,0,0,0,0,0,47,46,0,0,0,0,0,0,0,0,0,0,0,0,0,0,0,0
car-1,2024-06-18 13:36:18,0,0,0,0,0,0,0,0,48,47,0,0,0,0,0,0,0,0,0,0,0,0,0,0,0,0
car-1,2024-06-18 13:36:28,0,0,0,0,0,0,0,0,47,48,0,0,0,0,0,0,0,0,0,0,0,0,0,0,0,0
car-1,2024-06-18 13:36:38,0,0,0,0,0,0,0,0,47,47,0,0,0,0,0,0,0,0,0,0,0,0,0,0,0,0
car-1,2024-06-18 13:36:48,0,0,0,0,0,0,0,0,48,46,0,0,0,0,0,0,0,0,0,0,0,0,0,0,0,0
car-1,2024-06-18 13:36:58,0,0,0,0,0,0,0,0,47,46,0,0,0,0,0,0,0,0,0,0,0,0,0,0,0,0
car-1,2024-06-18 13:37:08,0,0,0,0,0,0,0,0,47,46,0,0,0,0,0,0,0,0,0,0,0,0,0,0,0,0
car-1,2024-06-18 13:37:18,0,0,0,0,0,0,0,0,46,47,0,0,0,0,0,0,0,0,0,0,0,0,0,0,0,0
car-1,2024-06-18 13:37:28,0,0,0,0,0,0,0,0,47,48,0,0,0,0,0,0,0,0,0,0,0,0,0,0,0,0
car-1,2024-06-18 13:37:38,0,0,0,0,0,0,0,0,46,48,0,0,0,0,0,0,0,0,0,0,0,0,0,0,0,0
car-1,2024-06-18 13:37:48,0,0,0,0,0,0,0,0,47,47,0,0,0,0,0,0,0,0,0,0,0,0,0,0,0,0
car-1,2024-06-18 13:37:58,0,0,0,0,0,0,0,0,47,47,0,0,0,0,0,0,0,0,0,0,0,0,0,0,0,0
car-1,2024-06-18 13:38:08,0,0,0,0,0,0,0,0,47,46,0,0,0,0,0,0,0,0,0,0,0,0,0,0,0,0
car-1,2024-06-18 13:38:18,0,0,0,0,0,0,0,0,48,47,0,0,0,0,0,0,0,0,0,0,0,0,0,0,0,0
car-1,2024-06-18 13:38:28,0,0,0,0,0,0,0,0,48,47,0,0,0,0,0,0,0,0,0,0,0,0,0,0,0,0
car-1,2024-06-18 13:38:38,0,0,0,0,0,0,0,0,47,47,0,0,0,0,0,0,0,0,0,0,0,0,0,0,0,0
car-1,2024-06-18 13:38:48,0,0,0,0,0,0,0,0,46,47,0,0,0,0,0,0,0,0,0,0,0,0,0,0,0,0
car-1,2024-06-18 13:38:58,0,0,0,0,0,0,0,0,46,46,0,0,0,0,0,0,0,0,0,0,0,0,0,0,0,0
car-1,2024-06-18 13:39:08,0,0,0,0,0,0,0,0,47,47,0,0,0,0,0,0,0,0,0,0,0,0,0,0,0,0
car-1,2024-06-18 13:39:18,0,0,0,0,0,0,0,0,46,47,0,0,0,0,0,0,0,0,0,0,0,0,0,0,0,0
car-1,2024-06-18 13:39:28,0,0,0,0,0,0,0,0,48,46,0,0,0,0,0,0,0,0,0,0,0,0,0,0,0,0
car-1,2024-06-18 13:39:38,0,0,0,0,0,0,0,0,47,46,0,0,0,0,0,0,0,0,0,0,0,0,0,0,0,0
car-1,2024-06-18 13:39:48,0,0,0,0,0,0,0,0,47,46,0,0,0,0,0,0,0,0,0,0,0,0,0,0,0,0
car-1,2024-06-18 13:39:58,0,0,0,0,0,0,0,0,47,47,0,0,0,0,0,0,0,0,0,0,0,0,0,0,0,0
car-1,2024-06-18 13:40:08,0,0,0,0,0,0,0,0,47,47,0,0,0,0,0,0,0,0,0,0,0,0,0,0,0,0
car-1,2024-06-18 13:40:18,0,0,0,0,0,0,0,0,47,48,0,0,0,0,0,0,0,0,0,0,0,0,0,0,0,0
car-1,2024-06-18 13:40:28,0,0,0,0,0,0,0,0,47,46,0,0,0,0,0,0,0,0,0,0,0,0,0,0,0,0
car-1,2024-06-18 13:40:38,0,0,0,0,0,0,0,0,48,46,0,0,0,0,0,0,0,0,0,0,0,0,0,0,0,0
car-1,2024-06-18 13:40:48,0,0,0,0,0,0,0,0,48,47,0,0,0,0,0,0,0,0,0,0,0,0,0,0,0,0
car-1,2024-06-18 13:40:58,0,0,0,0,0,0,0,0,47,46,0,0,0,0,0,0,0,0,0,0,0,0,0,0,0,0
car-1,2024-06-18 13:41:08,0,0,0,0,0,0,0,0,48,47,0,0,0,0,0,0,0,0,0,0,0,0,0,0,0,0
car-1,2024-06-18 13:41:18,0,0,0,0,0,0,0,0,47,46,0,0,0,0,0,0,0,0,0,0,0,0,0,0,0,0
car-1,2024-06-18 13:41:28,0,0,0,0,0,0,0,0,47,46,0,0,0,0,0,0,0,0,0,0,0,0,0,0,0,0
car-1,2024-06-18 13:41:38,0,0,0,0,0,0,0,0,47,48,0,0,0,0,0,0,0,0,0,0,0,0,0,0,0,0
car-1,2024-06-18 13:41:48,0,0,0,0,0,0,0,0,45,47,0,0,0,0,0,0,0,0,0,0,0,0,0,0,0,0
car-1,2024-06-18 13:41:58,0,0,0,0,0,0,0,0,47,46,0,0,0,0,0,0,0,0,0,0,0,0,0,0,0,0
car-1,2024-06-18 13:42:08,0,0,0,0,0,0,0,0,47,46,0,0,0,0,0,0,0,0,0,0,0,0,0,0,0,0
car-1,2024-06-18 13:42:18,0,0,0,0,0,0,0,0,46,47,0,0,0,0,0,0,0,0,0,0,0,0,0,0,0,0
car-1,2024-06-18 13:42:28,0,0,0,0,0,0,0,0,47,47,0,0,0,0,0,0,0,0,0,0,0,0,0,0,0,0
car-1,2024-06-18 13:42:38,0,0,0,0,0,0,0,0,47,46,0,0,0,0,0,0,0,0,0,0,0,0,0,0,0,0
car-1,2024-06-18 13:42:48,0,0,0,0,0,0,0,0,46,46,0,0,0,0,0,0,0,0,0,0,0,0,0,0,0,0
car-1,2024-06-18 13:42:58,0,0,0,0,0,0,0,0,47,47,0,0,0,0,0,0,0,0,0,0,0,0,0,0,0,0
car-1,2024-06-18 13:43:08,0,0,0,0,0,0,0,0,47,46,0,0,0,0,0,0,0,0,0,0,0,0,0,0,0,0
car-1,2024-06-18 13:43:18,0,0,0,0,0,0,0,0,47,47,0,0,0,0,0,0,0,0,0,0,0,0,0,0,0,0
car-1,2024-06-18 13:43:28,0,0,0,0,0,0,0,0,48,47,0,0,0,0,0,0,0,0,0,0,0,0,0,0,0,0
car-1,2024-06-18 13:43:38,0,0,0,0,0,0,0,0,46,47,0,0,0,0,0,0,0,0,0,0,0,0,0,0,0,0
car-1,2024-06-18 13:43:48,0,0,0,0,0,0,0,0,47,46,0,0,0,0,0,0,0,0,0,0,0,0,0,0,0,0
car-1,2024-06-18 13:43:58,0,0,0,0,0,0,0,0,47,46,0,0,0,0,0,0,0,0,0,0,0,0,0,0,0,0
car-1,2024-06-18 13:44:08,0,0,0,0,0,0,0,0,47,47,0,0,0,0,0,0,0,0,0,0,0,0,0,0,0,0
car-1,2024-06-18 13:44:18,0,0,0,0,0,0,0,0,47,46,0,0,0,0,0,0,0,0,0,0,0,0,0,0,0,0
car-1,2024-06-18 13:44:28,0,0,0,0,0,0,0,0,46,47,0,0,0,0,0,0,0,0,0,0,0,0,0,0,0,0
car-1,2024-06-18 13:44:38,0,0,0,0,0,0,0,0,46,48,0,0,0,0,0,0,0,0,0,0,0,0,0,0,0,0
car-1,2024-06-18 13:44:48,0,0,0,0,0,0,0,0,47,46,0,0,0,0,0,0,0,0,0,0,0,0,0,0,0,0
car-1,2024-06-18 13:44:58,0,0,0,0,0,0,0,0,48,47,0,0,0,0,0,0,0,0,0,0,0,0,0,0,0,0
car-1,2024-06-18 13:45:08,0,0,0,0,0,0,0,0,47,47,0,0,0,0,0,0,0,0,0,0,0,0,0,0,0,0
car-1,2024-06-18 13:45:18,0,0,0,0,0,0,0,0,47,47,0,0,0,0,0,0,0,0,0,0,0,0,0,0,0,0
car-1,2024-06-18 13:45:28,0,0,0,0,0,0,0,0,47,46,0,0,0,0,0,0,0,0,0,0,0,0,0,0,0,0
car-1,2024-06-18 13:45:38,0,0,0,0,0,0,0,0,46,46,0,0,0,0,0,0,0,0,0,0,0,0,0,0,0,0
car-1,2024-06-18 13:45:48,0,0,0,0,0,0,0,0,47,47,0,0,0,0,0,0,0,0,0,0,0,0,0,0,0,0
car-1,2024-06-18 13:45:58,0,0,0,0,0,0,0,0,47,46,0,0,0,0,0,0,0,0,0,0,0,0,0,0,0,0
car-1,2024-06-18 13:46:08,0,0,0,0,0,0,0,0,47,47,0,0,0,0,0,0,0,0,0,0,0,0,0,0,0,0
car-1,2024-06-18 13:46:18,0,0,0,0,0,0,0,0,46,46,0,0,0,0,0,0,0,0,0,0,0,0,0,0,0,0
car-1,2024-06-18 13:46:28,0,0,0,0,0,0,0,0,46,47,0,0,0,0,0,0,0,0,0,0,0,0,0,0,0,0
car-1,2024-06-18 13:46:38,0,0,0,0,0,0,0,0,46,47,0,0,0,0,0,0,0,0,0,0,0,0,0,0,0,0
car-1,2024-06-18 13:46:48,0,0,0,0,0,0,0,0,46,47,0,0,0,0,0,0,0,0,0,0,0,0,0,0,0,0
car-1,2024-06-18 13:46:58,0,0,0,0,0,0,0,0,47,48,0,0,0,0,0,0,0,0,0,0,0,0,0,0,0,0
car-1,2024-06-18 13:47:08,0,0,0,0,0,0,0,0,47,48,0,0,0,0,0,0,0,0,0,0,0,0,0,0,0,0
car-1,2024-06-18 13:47:18,0,0,0,0,0,0,0,0,47,47,0,0,0,0,0,0,0,0,0,0,0,0,0,0,0,0
car-1,2024-06-18 13:47:28,0,0,0,0,0,0,0,0,46,47,0,0,0,0,0,0,0,0,0,0,0,0,0,0,0,0
car-1,2024-06-18 13:47:38,0,0,0,0,0,0,0,0,47,46,0,0,0,0,0,0,0,0,0,0,0,0,0,0,0,0
car-1,2024-06-18 13:47:48,0,0,0,0,0,0,0,0,46,46,0,0,0,0,0,0,0,0,0,0,0,0,0,0,0,0
car-1,2024-06-18 13:47:58,0,0,0,0,0,0,0,0,47,46,0,0,0,0,0,0,0,0,0,0,0,0,0,0,0,0
car-1,2024-06-18 13:48:08,0,0,0,0,0,0,0,0,46,46,0,0,0,0,0,0,0,0,0,0,0,0,0,0,0,0
car-1,2024-06-18 13:48:18,0,0,0,0,0,0,0,0,47,47,0,0,0,0,0,0,0,0,0,0,0,0,0,0,0,0
car-1,2024-06-18 13:48:28,0,0,0,0,0,0,0,0,47,47,0,0,0,0,0,0,0,0,0,0,0,0,0,0,0,0
car-1,2024-06-18 13:48:38,0,0,0,0,0,0,0,0,47,46,0,0,0,0,0,0,0,0,0,0,0,0,0,0,0,0
car-1,2024-06-18 13:48:48,0,0,0,0,0,0,0,0,47,47,0,0,0,0,0,0,0,0,0,0,0,0,0,0,0,0
car-1,2024-06-18 13:48:58,0,0,0,0,0,0,0,0,46,47,0,0,0,0,0,0,0,0,0,0,0,0,0,0,0,0
car-1,2024-06-18 13:49:08,0,0,0,0,0,0,0,0,47,47,0,0,0,0,0,0,0,0,0,0,0,0,0,0,0,0
car-1,2024-06-18 13:49:18,0,0,0,0,0,0,0,0,47,45,0,0,0,0,0,0,0,0,0,0,0,0,0,0,0,0
car-1,2024-06-18 13:49:28,0,0,0,0,0,0,0,0,46,47,0,0,0,0,0,0,0,0,0,0,0,0,0,0,0,0
car-1,2024-06-18 13:49:38,0,0,0,0,0,0,0,0,47,47,0,0,0,0,0,0,0,0,0,0,0,0,0,0,0,0
car-1,2024-06-18 13:49:48,0,0,0,0,0,0,0,0,47,47,0,0,0,0,0,0,0,0,0,0,0,0,0,0,0,0
car-1,2024-06-18 13:49:58,0,0,0,0,0,0,0,0,47,46,0,0,0,0,0,0,0,0,0,0,0,0,0,0,0,0
car-1,2024-06-18 13:50:08,0,0,0,0,0,0,0,0,46,47,0,0,0,0,0,0,0,0,0,0,0,0,0,0,0,0
car-1,2024-06-18 13:50:18,0,0,0,0,0,0,0,0,46,46,0,0,0,0,0,0,0,0,0,0,0,0,0,0,0,0
car-1,2024-06-18 13:50:28,0,0,0,0,0,0,0,0,46,46,0,0,0,0,0,0,0,0,0,0,0,0,0,0,0,0
car-1,2024-06-18 13:50:38,0,0,0,0,0,0,0,0,46,47,0,0,0,0,0,0,0,0,0,0,0,0,0,0,0,0
car-1,2024-06-18 13:50:48,0,0,0,0,0,0,0,0,47,46,0,0,0,0,0,0,0,0,0,0,0,0,0,0,0,0
car-1,2024-06-18 13:50:58,0,0,0,0,0,0,0,0,47,46,0,0,0,0,0,0,0,0,0,0,0,0,0,0,0,0
car-1,2024-06-18 13:51:08,0,0,0,0,0,0,0,0,47,47,0,0,0,0,0,0,0,0,0,0,0,0,0,0,0,0
car-1,2024-06-18 13:51:18,0,0,0,0,0,0,0,0,46,46,0,0,0,0,0,0,0,0,0,0,0,0,0,0,0,0
car-1,2024-06-18 13:51:28,0,0,0,0,0,0,0,0,46,46,0,0,0,0,0,0,0,0,0,0,0,0,0,0,0,0
car-1,2024-06-18 13:51:38,0,0,0,0,0,0,0,0,47,47,0,0,0,0,0,0,0,0,0,0,0,0,0,0,0,0
car-1,2024-06-18 13:51:48,0,0,0,0,0,0,0,0,47,47,0,0,0,0,0,0,0,0,0,0,0,0,0,0,0,0
car-1,2024-06-18 13:51:58,0,0,0,0,0,0,0,0,46,46,0,0,0,0,0,0,0,0,0,0,0,0,0,0,0,0
car-1,2024-06-18 13:52:08,0,0,0,0,0,0,0,0,47,46,0,0,0,0,0,0,0,0,0,0,0,0,0,0,0,0
car-1,2024-06-18 13:52:18,0,0,0,0,0,0,0,0,47,46,0,0,0,0,0,0,0,0,0,0,0,0,0,0,0,0
car-1,2024-06-18 13:52:28,0,0,0,0,0,0,0,0,46,47,0,0,0,0,0,0,0,0,0,0,0,0,0,0,0,0
car-1,2024-06-18 13:52:38,0,0,0,0,0,0,0,0,47,46,0,0,0,0,0,0,0,0,0,0,0,0,0,0,0,0
car-1,2024-06-18 13:52:48,0,0,0,0,0,0,0,0,46,46,0,0,0,0,0,0,0,0,0,0,0,0,0,0,0,0
car-1,2024-06-18 13:52:58,0,0,0,0,0,0,0,0,46,46,0,0,0,0,0,0,0,0,0,0,0,0,0,0,0,0
car-1,2024-06-18 13:53:08,0,0,0,0,0,0,0,0,46,47,0,0,0,0,0,0,0,0,0,0,0,0,0,0,0,0
car-1,2024-06-18 13:53:18,0,0,0,0,0,0,0,0,46,47,0,0,0,0,0,0,0,0,0,0,0,0,0,0,0,0
car-1,2024-06-18 13:53:28,0,0,0,0,0,0,0,0,47,46,0,0,0,0,0,0,0,0,0,0,0,0,0,0,0,0
car-1,2024-06-18 13:53:38,0,0,0,0,0,0,0,0,47,47,0,0,0,0,0,0,0,0,0,0,0,0,0,0,0,0
car-1,2024-06-18 13:53:48,0,0,0,0,0,0,0,0,47,46,0,0,0,0,0,0,0,0,0,0,0,0,0,0,0,0
car-1,2024-06-18 13:53:58,0,0,0,0,0,0,0,0,47,46,0,0,0,0,0,0,0,0,0,0,0,0,0,0,0,0
car-1,2024-06-18 13:54:08,0,0,0,0,0,0,0,0,46,46,0,0,0,0,0,0,0,0,0,0,0,0,0,0,0,0
car-1,2024-06-18 13:54:18,0,0,0,0,0,0,0,0,47,47,0,0,0,0,0,0,0,0,0,0,0,0,0,0,0,0
car-1,2024-06-18 13:54:28,0,0,0,0,0,0,0,0,46,47,0,0,0,0,0,0,0,0,0,0,0,0,0,0,0,0
car-1,2024-06-18 13:54:38,0,0,0,0,0,0,0,0,47,47,0,0,0,0,0,0,0,0,0,0,0,0,0,0,0,0
car-1,2024-06-18 13:54:48,0,0,0,0,0,0,0,0,47,47,0,0,0,0,0,0,0,0,0,0,0,0,0,0,0,0
car-1,2024-06-18 13:54:58,0,0,0,0,0,0,0,0,47,47,0,0,0,0,0,0,0,0,0,0,0,0,0,0,0,0
car-1,2024-06-18 13:55:08,0,0,0,0,0,0,0,0,47,46,0,0,0,0,0,0,0,0,0,0,0,0,0,0,0,0
car-1,2024-06-18 13:55:18,0,0,0,0,0,0,0,0,47,47,0,0,0,0,0,0,0,0,0,0,0,0,0,0,0,0
car-1,2024-06-18 13:55:28,0,0,0,0,0,0,0,0,46,47,0,0,0,0,0,0,0,0,0,0,0,0,0,0,0,0
car-1,2024-06-18 13:55:38,0,0,0,0,0,0,0,0,47,47,0,0,0,0,0,0,0,0,0,0,0,0,0,0,0,0
car-1,2024-06-18 13:55:48,0,0,0,0,0,0,0,0,47,46,0,0,0,0,0,0,0,0,0,0,0,0,0,0,0,0
car-1,2024-06-18 13:55:58,0,0,0,0,0,0,0,0,46,46,0,0,0,0,0,0,0,0,0,0,0,0,0,0,0,0
car-1,2024-06-18 13:56:08,0,0,0,0,0,0,0,0,47,47,0,0,0,0,0,0,0,0,0,0,0,0,0,0,0,0
car-1,2024-06-18 13:56:18,0,0,0,0,0,0,0,0,47,47,0,0,0,0,0,0,0,0,0,0,0,0,0,0,0,0
car-1,2024-06-18 13:56:28,0,0,0,0,0,0,0,0,46,47,0,0,0,0,0,0,0,0,0,0,0,0,0,0,0,0
car-1,2024-06-18 13:56:38,0,0,0,0,0,0,0,0,46,48,0,0,0,0,0,0,0,0,0,0,0,0,0,0,0,0
car-1,2024-06-18 13:56:48,0,0,0,0,0,0,0,0,47,47,0,0,0,0,0,0,0,0,0,0,0,0,0,0,0,0
car-1,2024-06-18 13:56:58,0,0,0,0,0,0,0,0,47,46,0,0,0,0,0,0,0,0,0,0,0,0,0,0,0,0
car-1,2024-06-18 13:57:08,0,0,0,0,0,0,0,0,47,47,0,0,0,0,0,0,0,0,0,0,0,0,0,0,0,0
car-1,2024-06-18 13:57:18,0,0,0,0,0,0,0,0,46,47,0,0,0,0,0,0,0,0,0,0,0,0,0,0,0,0
car-1,2024-06-18 13:57:28,0,0,0,0,0,0,0,0,46,47,0,0,0,0,0,0,0,0,0,0,0,0,0,0,0,0
car-1,2024-06-18 13:57:38,0,0,0,0,0,0,0,0,47,46,0,0,0,0,0,0,0,0,0,0,0,0,0,0,0,0
car-1,2024-06-18 13:57:48,0,0,0,0,0,0,0,0,46,47,0,0,0,0,0,0,0,0,0,0,0,0,0,0,0,0
car-1,2024-06-18 13:57:58,0,0,0,0,0,0,0,0,47,47,0,0,0,0,0,0,0,0,0,0,0,0,0,0,0,0
car-1,2024-06-18 13:58:08,0,0,0,0,0,0,0,0,46,46,0,0,0,0,0,0,0,0,0,0,0,0,0,0,0,0
car-1,2024-06-18 13:58:18,0,0,0,0,0,0,0,0,46,47,0,0,0,0,0,0,0,0,0,0,0,0,0,0,0,0
car-1,2024-06-18 13:58:28,0,0,0,0,0,0,0,0,47,47,0,0,0,0,0,0,0,0,0,0,0,0,0,0,0,0
car-1,2024-06-18 13:58:38,0,0,0,0,0,0,0,0,47,46,0,0,0,0,0,0,0,0,0,0,0,0,0,0,0,0
car-1,2024-06-18 13:58:48,0,0,0,0,0,0,0,0,46,46,0,0,0,0,0,0,0,0,0,0,0,0,0,0,0,0
car-1,2024-06-18 13:58:58,0,0,0,0,0,0,0,0,47,47,0,0,0,0,0,0,0,0,0,0,0,0,0,0,0,0
car-1,2024-06-18 13:59:08,0,0,0,0,0,0,0,0,47,47,0,0,0,0,0,0,0,0,0,0,0,0,0,0,0,0
car-1,2024-06-18 13:59:18,0,0,0,0,0,0,0,0,47,47,0,0,0,0,0,0,0,0,0,0,0,0,0,0,0,0
car-1,2024-06-18 13:59:28,0,0,0,0,0,0,0,0,46,46,0,0,0,0,0,0,0,0,0,0,0,0,0,0,0,0
car-1,2024-06-18 13:59:38,0,0,0,0,0,0,0,0,47,48,0,0,0,0,0,0,0,0,0,0,0,0,0,0,0,0
car-1,2024-06-18 13:59:48,0,0,0,0,0,0,0,0,46,47,0,0,0,0,0,0,0,0,0,0,0,0,0,0,0,0
car-1,2024-06-18 13:59:58,0,0,0,0,0,0,0,0,48,47,0,0,0,0,0,0,0,0,0,0,0,0,0,0,0,0
car-1,2024-06-18 14:00:08,0,0,0,0,0,0,0,0,47,47,0,0,0,0,0,0,0,0,0,0,0,0,0,0,0,0
car-1,2024-06-18 14:00:18,0,0,0,0,0,0,0,0,47,46,0,0,0,0,0,0,0,0,0,0,0,0,0,0,0,0
car-1,2024-06-18 14:00:28,0,0,0,0,0,0,0,0,47,47,0,0,0,0,0,0,0,0,0,0,0,0,0,0,0,0
car-1,2024-06-18 14:00:38,0,0,0,0,0,0,0,0,46,47,0,0,0,0,0,0,0,0,0,0,0,0,0,0,0,0
car-1,2024-06-18 14:00:48,0,0,0,0,0,0,0,0,47,47,0,0,0,0,0,0,0,0,0,0,0,0,0,0,0,0
car-1,2024-06-18 14:00:58,0,0,0,0,0,0,0,0,46,46,0,0,0,0,0,0,0,0,0,0,0,0,0,0,0,0
car-1,2024-06-18 14:01:08,0,0,0,0,0,0,0,0,47,47,0,0,0,0,0,0,0,0,0,0,0,0,0,0,0,0
car-1,2024-06-18 14:01:18,0,0,0,0,0,0,0,0,47,46,0,0,0,0,0,0,0,0,0,0,0,0,0,0,0,0
car-1,2024-06-18 14:01:28,0,0,0,0,0,0,0,0,47,47,0,0,0,0,0,0,0,0,0,0,0,0,0,0,0,0
car-1,2024-06-18 14:01:38,0,0,0,0,0,0,0,0,47,46,0,0,0,0,0,0,0,0,0,0,0,0,0,0,0,0
car-1,2024-06-18 14:01:48,0,0,0,0,0,0,0,0,46,47,0,0,0,0,0,0,0,0,0,0,0,0,0,0,0,0
car-1,2024-06-18 14:01:58,0,0,0,0,0,0,0,0,47,47,0,0,0,0,0,0,0,0,0,0,0,0,0,0,0,0
car-1,2024-06-18 14:02:08,0,0,0,0,0,0,0,0,47,47,0,0,0,0,0,0,0,0,0,0,0,0,0,0,0,0
car-1,2024-06-18 14:02:18,0,0,0,0,0,0,0,0,47,47,0,0,0,0,0,0,0,0,0,0,0,0,0,0,0,0
car-1,2024-06-18 14:02:28,0,0,0,0,0,0,0,0,46,46,0,0,0,0,0,0,0,0,0,0,0,0,0,0,0,0
car-1,2024-06-18 14:02:38,0,0,0,0,0,0,0,0,46,46,0,0,0,0,0,0,0,0,0,0,0,0,0,0,0,0
car-1,2024-06-18 14:02:48,0,0,0,0,0,0,0,0,46,47,0,0,0,0,0,0,0,0,0,0,0,0,0,0,0,0
car-1,2024-06-18 14:02:58,0,0,0,0,0,0,0,0,46,47,0,0,0,0,0,0,0,0,0,0,0,0,0,0,0,0
car-1,2024-06-18 14:03:08,0,0,0,0,0,0,0,0,46,46,0,0,0,0,0,0,0,0,0,0,0,0,0,0,0,0
car-1,2024-06-18 14:03:18,0,0,0,0,0,0,0,0,46,47,0,0,0,0,0,0,0,0,0,0,0,0,0,0,0,0
car-1,2024-06-18 14:03:28,0,0,0,0,0,0,0,0,46,46,0,0,0,0,0,0,0,0,0,0,0,0,0,0,0,0
car-1,2024-06-18 14:03:38,0,0,0,0,0,0,0,0,46,47,0,0,0,0,0,0,0,0,0,0,0,0,0,0,0,0
car-1,2024-06-18 14:03:48,0,0,0,0,0,0,0,0,46,47,0,0,0,0,0,0,0,0,0,0,0,0,0,0,0,0
car-1,2024-06-18 14:03:58,0,0,0,0,0,0,0,0,46,46,0,0,0,0,0,0,0,0,0,0,0,0,0,0,0,0
car-1,2024-06-18 14:04:08,0,0,0,0,0,0,0,0,47,47,0,0,0,0,0,0,0,0,0,0,0,0,0,0,0,0
car-1,2024-06-18 14:04:18,0,0,0,0,0,0,0,0,47,46,0,0,0,0,0,0,0,0,0,0,0,0,0,0,0,0
car-1,2024-06-18 14:04:28,0,0,0,0,0,0,0,0,46,46,0,0,0,0,0,0,0,0,0,0,0,0,0,0,0,0
car-1,2024-06-18 14:04:38,0,0,0,0,0,0,0,0,46,47,0,0,0,0,0,0,0,0,0,0,0,0,0,0,0,0
car-1,2024-06-18 14:04:48,0,0,0,0,0,0,0,0,47,47,0,0,0,0,0,0,0,0,0,0,0,0,0,0,0,0
car-1,2024-06-18 14:04:58,0,0,0,0,0,0,0,0,46,47,0,0,0,0,0,0,0,0,0,0,0,0,0,0,0,0
car-1,2024-06-18 14:05:08,0,0,0,0,0,0,0,0,46,47,0,0,0,0,0,0,0,0,0,0,0,0,0,0,0,0
car-1,2024-06-18 14:05:18,0,0,0,0,0,0,0,0,47,47,0,0,0,0,0,0,0,0,0,0,0,0,0,0,0,0
car-1,2024-06-18 14:05:28,0,0,0,0,0,0,0,0,46,46,0,0,0,0,0,0,0,0,0,0,0,0,0,0,0,0
car-1,2024-06-18 14:05:38,0,0,0,0,0,0,0,0,47,46,0,0,0,0,0,0,0,0,0,0,0,0,0,0,0,0
car-1,2024-06-18 14:05:48,0,0,0,0,0,0,0,0,47,46,0,0,0,0,0,0,0,0,0,0,0,0,0,0,0,0
car-1,2024-06-18 14:05:58,0,0,0,0,0,0,0,0,46,46,0,0,0,0,0,0,0,0,0,0,0,0,0,0,0,0
car-1,2024-06-18 14:06:08,0,0,0,0,0,0,0,0,47,46,0,0,0,0,0,0,0,0,0,0,0,0,0,0,0,0
car-1,2024-06-18 14:06:18,0,0,0,0,0,0,0,0,47,46,0,0,0,0,0,0,0,0,0,0,0,0,0,0,0,0
car-1,2024-06-18 14:06:28,0,0,0,0,0,0,0,0,47,47,0,0,0,0,0,0,0,0,0,0,0,0,0,0,0,0
car-1,2024-06-18 14:06:38,0,0,0,0,0,0,0,0,47,46,0,0,0,0,0,0,0,0,0,0,0,0,0,0,0,0
car-1,2024-06-18 14:06:48,0,0,0,0,0,0,0,0,46,47,0,0,0,0,0,0,0,0,0,0,0,0,0,0,0,0
car-1,2024-06-18 14:06:58,0,0,0,0,0,0,0,0,46,46,0,0,0,0,0,0,0,0,0,0,0,0,0,0,0,0
car-1,2024-06-18 14:07:08,0,0,0,0,0,0,0,0,47,47,0,0,0,0,0,0,0,0,0,0,0,0,0,0,0,0
car-1,2024-06-18 14:07:18,0,0,0,0,0,0,0,0,46,46,0,0,0,0,0,0,0,0,0,0,0,0,0,0,0,0
car-1,2024-06-18 14:07:28,0,0,0,0,0,0,0,0,46,47,0,0,0,0,0,0,0,0,0,0,0,0,0,0,0,0
car-1,2024-06-18 14:07:38,0,0,0,0,0,0,0,0,46,46,0,0,0,0,0,0,0,0,0,0,0,0,0,0,0,0
car-1,2024-06-18 14:07:48,0,0,0,0,0,0,0,0,48,46,0,0,0,0,0,0,0,0,0,0,0,0,0,0,0,0
car-1,2024-06-18 14:07:58,0,0,0,0,0,0,0,0,46,47,0,0,0,0,0,0,0,0,0,0,0,0,0,0,0,0
car-1,2024-06-18 14:08:08,0,0,0,0,0,0,0,0,47,47,0,0,0,0,0,0,0,0,0,0,0,0,0,0,0,0
car-1,2024-06-18 14:08:18,0,0,0,0,0,0,0,0,47,46,0,0,0,0,0,0,0,0,0,0,0,0,0,0,0,0
car-1,2024-06-18 14:08:28,0,0,0,0,0,0,0,0,46,46,0,0,0,0,0,0,0,0,0,0,0,0,0,0,0,0
car-1,2024-06-18 14:08:38,0,0,0,0,0,0,0,0,46,46,0,0,0,0,0,0,0,0,0,0,0,0,0,0,0,0
car-1,2024-06-18 14:08:48,0,0,0,0,0,0,0,0,46,46,0,0,0,0,0,0,0,0,0,0,0,0,0,0,0,0
car-1,2024-06-18 14:08:58,0,0,0,0,0,0,0,0,46,46,0,0,0,0,0,0,0,0,0,0,0,0,0,0,0,0
car-1,2024-06-18 14:09:08,0,0,0,0,0,0,0,0,47,47,0,0,0,0,0,0,0,0,0,0,0,0,0,0,0,0
car-1,2024-06-18 14:09:18,0,0,0,0,0,0,0,0,47,46,0,0,0,0,0,0,0,0,0,0,0,0,0,0,0,0
car-1,2024-06-18 14:09:28,0,0,0,0,0,0,0,0,46,46,0,0,0,0,0,0,0,0,0,0,0,0,0,0,0,0
car-1,2024-06-18 14:09:38,0,0,0,0,0,0,0,0,46,46,0,0,0,0,0,0,0,0,0,0,0,0,0,0,0,0
car-1,2024-06-18 14:09:48,0,0,0,0,0,0,0,0,46,46,0,0,0,0,0,0,0,0,0,0,0,0,0,0,0,0
car-1,2024-06-18 14:09:58,0,0,0,0,0,0,0,0,47,46,0,0,0,0,0,0,0,0,0,0,0,0,0,0,0,0
car-1,2024-06-18 14:10:08,0,0,0,0,0,0,0,0,47,47,0,0,0,0,0,0,0,0,0,0,0,0,0,0,0,0
car-1,2024-06-18 14:10:18,0,0,0,0,0,0,0,0,47,46,0,0,0,0,0,0,0,0,0,0,0,0,0,0,0,0
car-1,2024-06-18 14:10:28,0,0,0,0,0,0,0,0,46,47,0,0,0,0,0,0,0,0,0,0,0,0,0,0,0,0
car-1,2024-06-18 14:10:38,0,0,0,0,0,0,0,0,46,47,0,0,0,0,0,0,0,0,0,0,0,0,0,0,0,0
car-1,2024-06-18 14:10:48,0,0,0,0,0,0,0,0,46,47,0,0,0,0,0,0,0,0,0,0,0,0,0,0,0,0
car-1,2024-06-18 14:10:58,0,0,0,0,0,0,0,0,46,46,0,0,0,0,0,0,0,0,0,0,0,0,0,0,0,0
car-1,2024-06-18 14:11:08,0,0,0,0,0,0,0,0,46,46,0,0,0,0,0,0,0,0,0,0,0,0,0,0,0,0
car-1,2024-06-18 14:11:18,0,0,0,0,0,0,0,0,47,47,0,0,0,0,0,0,0,0,0,0,0,0,0,0,0,0
car-1,2024-06-18 14:11:28,0,0,0,0,0,0,0,0,47,47,0,0,0,0,0,0,0,0,0,0,0,0,0,0,0,0
car-1,2024-06-18 14:11:38,0,0,0,0,0,0,0,0,46,46,0,0,0,0,0,0,0,0,0,0,0,0,0,0,0,0
car-1,2024-06-18 14:11:48,0,0,0,0,0,0,0,0,46,47,0,0,0,0,0,0,0,0,0,0,0,0,0,0,0,0
car-1,2024-06-18 14:11:58,0,0,0,0,0,0,0,0,46,46,0,0,0,0,0,0,0,0,0,0,0,0,0,0,0,0
car-1,2024-06-18 14:12:08,0,0,0,0,0,0,0,0,46,47,0,0,0,0,0,0,0,0,0,0,0,0,0,0,0,0
car-1,2024-06-18 14:12:18,0,0,0,0,0,0,0,0,47,46,0,0,0,0,0,0,0,0,0,0,0,0,0,0,0,0
car-1,2024-06-18 14:12:28,0,0,0,0,0,0,0,0,46,47,0,0,0,0,0,0,0,0,0,0,0,0,0,0,0,0
car-1,2024-06-18 14:12:38,0,0,0,0,0,0,0,0,47,47,0,0,0,0,0,0,0,0,0,0,0,0,0,0,0,0
car-1,2024-06-18 14:12:48,0,0,0,0,0,0,0,0,47,47,0,0,0,0,0,0,0,0,0,0,0,0,0,0,0,0
car-1,2024-06-18 14:12:58,0,0,0,0,0,0,0,0,47,46,0,0,0,0,0,0,0,0,0,0,0,0,0,0,0,0
car-1,2024-06-18 14:13:08,0,0,0,0,0,0,0,0,47,47,0,0,0,0,0,0,0,0,0,0,0,0,0,0,0,0
car-1,2024-06-18 14:13:18,0,0,0,0,0,0,0,0,47,47,0,0,0,0,0,0,0,0,0,0,0,0,0,0,0,0
car-1,2024-06-18 14:13:28,0,0,0,0,0,0,0,0,47,46,0,0,0,0,0,0,0,0,0,0,0,0,0,0,0,0
car-1,2024-06-18 14:13:38,0,0,0,0,0,0,0,0,47,47,0,0,0,0,0,0,0,0,0,0,0,0,0,0,0,0
car-1,2024-06-18 14:13:48,0,0,0,0,0,0,0,0,47,47,0,0,0,0,0,0,0,0,0,0,0,0,0,0,0,0
car-1,2024-06-18 14:13:58,0,0,0,0,0,0,0,0,47,46,0,0,0,0,0,0,0,0,0,0,0,0,0,0,0,0
car-1,2024-06-18 14:14:08,0,0,0,0,0,0,0,0,47,47,0,0,0,0,0,0,0,0,0,0,0,0,0,0,0,0
car-1,2024-06-18 14:14:18,0,0,0,0,0,0,0,0,46,46,0,0,0,0,0,0,0,0,0,0,0,0,0,0,0,0
car-1,2024-06-18 14:14:28,0,0,0,0,0,0,0,0,47,47,0,0,0,0,0,0,0,0,0,0,0,0,0,0,0,0
car-1,2024-06-18 14:14:38,0,0,0,0,0,0,0,0,47,46,0,0,0,0,0,0,0,0,0,0,0,0,0,0,0,0
car-1,2024-06-18 14:14:48,0,0,0,0,0,0,0,0,46,46,0,0,0,0,0,0,0,0,0,0,0,0,0,0,0,0
car-1,2024-06-18 14:14:58,0,0,0,0,0,0,0,0,47,47,0,0,0,0,0,0,0,0,0,0,0,0,0,0,0,0
car-1,2024-06-18 14:15:08,0,0,0,0,0,0,0,0,46,47,0,0,0,0,0,0,0,0,0,0,0,0,0,0,0,0
car-1,2024-06-18 14:15:18,0,0,0,0,0,0,0,0,47,48,0,0,0,0,0,0,0,0,0,0,0,0,0,0,0,0
car-1,2024-06-18 14:15:28,0,0,0,0,0,0,0,0,46,47,0,0,0,0,0,0,0,0,0,0,0,0,0,0,0,0
car-1,2024-06-18 14:15:38,0,0,0,0,0,0,0,0,46,47,0,0,0,0,0,0,0,0,0,0,0,0,0,0,0,0
car-1,2024-06-18 14:15:48,0,0,0,0,0,0,0,0,46,46,0,0,0,0,0,0,0,0,0,0,0,0,0,0,0,0
car-1,2024-06-18 14:15:58,0,0,0,0,0,0,0,0,46,46,0,0,0,0,0,0,0,0,0,0,0,0,0,0,0,0
car-1,2024-06-18 14:16:08,0,0,0,0,0,0,0,0,47,47,0,0,0,0,0,0,0,0,0,0,0,0,0,0,0,0
car-1,2024-06-18 14:16:18,0,0,0,0,0,0,0,0,46,46,0,0,0,0,0,0,0,0,0,0,0,0,0,0,0,0
car-1,2024-06-18 14:16:28,0,0,0,0,0,0,0,0,46,47,0,0,0,0,0,0,0,0,0,0,0,0,0,0,0,0
car-1,2024-06-18 14:16:38,0,0,0,0,0,0,0,0,46,46,0,0,0,0,0,0,0,0,0,0,0,0,0,0,0,0
car-1,2024-06-18 14:16:48,0,0,0,0,0,0,0,0,46,45,0,0,0,0,0,0,0,0,0,0,0,0,0,0,0,0
car-1,2024-06-18 14:16:58,0,0,0,0,0,0,0,0,46,47,0,0,0,0,0,0,0,0,0,0,0,0,0,0,0,0
car-1,2024-06-18 14:17:08,0,0,0,0,0,0,0,0,47,47,0,0,0,0,0,0,0,0,0,0,0,0,0,0,0,0
car-1,2024-06-18 14:17:18,0,0,0,0,0,0,0,0,48,46,0,0,0,0,0,0,0,0,0,0,0,0,0,0,0,0
car-1,2024-06-18 14:17:28,0,0,0,0,0,0,0,0,46,47,0,0,0,0,0,0,0,0,0,0,0,0,0,0,0,0
car-1,2024-06-18 14:17:38,0,0,0,0,0,0,0,0,46,46,0,0,0,0,0,0,0,0,0,0,0,0,0,0,0,0
car-1,2024-06-18 14:17:48,0,0,0,0,0,0,0,0,46,47,0,0,0,0,0,0,0,0,0,0,0,0,0,0,0,0
car-1,2024-06-18 14:17:58,0,0,0,0,0,0,0,0,46,46,0,0,0,0,0,0,0,0,0,0,0,0,0,0,0,0
car-1,2024-06-18 14:18:08,0,0,0,0,0,0,0,0,46,46,0,0,0,0,0,0,0,0,0,0,0,0,0,0,0,0
car-1,2024-06-18 14:18:18,0,0,0,0,0,0,0,0,46,47,0,0,0,0,0,0,0,0,0,0,0,0,0,0,0,0
car-1,2024-06-18 14:18:28,0,0,0,0,0,0,0,0,47,47,0,0,0,0,0,0,0,0,0,0,0,0,0,0,0,0
car-1,2024-06-18 14:18:38,0,0,0,0,0,0,0,0,46,46,0,0,0,0,0,0,0,0,0,0,0,0,0,0,0,0
car-1,2024-06-18 14:18:48,0,0,0,0,0,0,0,0,47,47,0,0,0,0,0,0,0,0,0,0,0,0,0,0,0,0
car-1,2024-06-18 14:18:58,0,0,0,0,0,0,0,0,47,46,0,0,0,0,0,0,0,0,0,0,0,0,0,0,0,0
car-1,2024-06-18 14:19:08,0,0,0,0,0,0,0,0,46,46,0,0,0,0,0,0,0,0,0,0,0,0,0,0,0,0
car-1,2024-06-18 14:19:18,0,0,0,0,0,0,0,0,46,47,0,0,0,0,0,0,0,0,0,0,0,0,0,0,0,0
car-1,2024-06-18 14:19:28,0,0,0,0,0,0,0,0,47,46,0,0,0,0,0,0,0,0,0,0,0,0,0,0,0,0
car-1,2024-06-18 14:19:38,0,0,0,0,0,0,0,0,47,46,0,0,0,0,0,0,0,0,0,0,0,0,0,0,0,0
car-1,2024-06-18 14:19:48,0,0,0,0,0,0,0,0,48,46,0,0,0,0,0,0,0,0,0,0,0,0,0,0,0,0
car-1,2024-06-18 14:19:58,0,0,0,0,0,0,0,0,47,47,0,0,0,0,0,0,0,0,0,0,0,0,0,0,0,0
car-1,2024-06-18 14:20:08,0,0,0,0,0,0,0,0,46,47,0,0,0,0,0,0,0,0,0,0,0,0,0,0,0,0
car-1,2024-06-18 14:20:18,0,0,0,0,0,0,0,0,48,46,0,0,0,0,0,0,0,0,0,0,0,0,0,0,0,0
car-1,2024-06-18 14:20:28,0,0,0,0,0,0,0,0,48,46,0,0,0,0,0,0,0,0,0,0,0,0,0,0,0,0
car-1,2024-06-18 14:20:38,0,0,0,0,0,0,0,0,47,47,0,0,0,0,0,0,0,0,0,0,0,0,0,0,0,0
car-1,2024-06-18 14:20:48,0,0,0,0,0,0,0,0,47,47,0,0,0,0,0,0,0,0,0,0,0,0,0,0,0,0
car-1,2024-06-18 14:20:58,0,0,0,0,0,0,0,0,46,47,0,0,0,0,0,0,0,0,0,0,0,0,0,0,0,0
car-1,2024-06-18 14:21:08,0,0,0,0,0,0,0,0,47,47,0,0,0,0,0,0,0,0,0,0,0,0,0,0,0,0
car-1,2024-06-18 14:21:18,0,0,0,0,0,0,0,0,47,47,0,0,0,0,0,0,0,0,0,0,0,0,0,0,0,0
car-1,2024-06-18 14:21:28,0,0,0,0,0,0,0,0,47,47,0,0,0,0,0,0,0,0,0,0,0,0,0,0,0,0
car-1,2024-06-18 14:21:38,0,0,0,0,0,0,0,0,47,46,0,0,0,0,0,0,0,0,0,0,0,0,0,0,0,0
car-1,2024-06-18 14:21:48,0,0,0,0,0,0,0,0,47,47,0,0,0,0,0,0,0,0,0,0,0,0,0,0,0,0
car-1,2024-06-18 14:21:58,0,0,0,0,0,0,0,0,47,46,0,0,0,0,0,0,0,0,0,0,0,0,0,0,0,0
car-1,2024-06-18 14:22:08,0,0,0,0,0,0,0,0,47,46,0,0,0,0,0,0,0,0,0,0,0,0,0,0,0,0
car-1,2024-06-18 14:22:18,0,0,0,0,0,0,0,0,46,47,0,0,0,0,0,0,0,0,0,0,0,0,0,0,0,0
car-1,2024-06-18 14:22:28,0,0,0,0,0,0,0,0,47,47,0,0,0,0,0,0,0,0,0,0,0,0,0,0,0,0
car-1,2024-06-18 14:22:38,0,0,0,0,0,0,0,0,48,46,0,0,0,0,0,0,0,0,0,0,0,0,0,0,0,0
car-1,2024-06-18 14:22:48,0,0,0,0,0,0,0,0,47,47,0,0,0,0,0,0,0,0,0,0,0,0,0,0,0,0
car-1,2024-06-18 14:22:58,0,0,0,0,0,0,0,0,47,47,0,0,0,0,0,0,0,0,0,0,0,0,0,0,0,0
car-1,2024-06-18 14:23:08,0,0,0,0,0,0,0,0,46,46,0,0,0,0,0,0,0,0,0,0,0,0,0,0,0,0
car-1,2024-06-18 14:23:18,0,0,0,0,0,0,0,0,47,48,0,0,0,0,0,0,0,0,0,0,0,0,0,0,0,0
car-1,2024-06-18 14:23:28,0,0,0,0,0,0,0,0,48,47,0,0,0,0,0,0,0,0,0,0,0,0,0,0,0,0
car-1,2024-06-18 14:23:38,0,0,0,0,0,0,0,0,47,48,0,0,0,0,0,0,0,0,0,0,0,0,0,0,0,0
car-1,2024-06-18 14:23:48,0,0,0,0,0,0,0,0,48,47,0,0,0,0,0,0,0,0,0,0,0,0,0,0,0,0
car-1,2024-06-18 14:23:58,0,0,0,0,0,0,0,0,46,47,0,0,0,0,0,0,0,0,0,0,0,0,0,0,0,0
car-1,2024-06-18 14:24:08,0,0,0,0,0,0,0,0,47,48,0,0,0,0,0,0,0,0,0,0,0,0,0,0,0,0
car-1,2024-06-18 14:24:18,0,0,0,0,0,0,0,0,47,46,0,0,0,0,0,0,0,0,0,0,0,0,0,0,0,0
car-1,2024-06-18 14:24:28,0,0,0,0,0,0,0,0,46,47,0,0,0,0,0,0,0,0,0,0,0,0,0,0,0,0
car-1,2024-06-18 14:24:38,0,0,0,0,0,0,0,0,47,47,0,0,0,0,0,0,0,0,0,0,0,0,0,0,0,0
car-1,2024-06-18 14:24:48,0,0,0,0,0,0,0,0,47,47,0,0,0,0,0,0,0,0,0,0,0,0,0,0,0,0
car-1,2024-06-18 14:24:58,0,0,0,0,0,0,0,0,48,46,0,0,0,0,0,0,0,0,0,0,0,0,0,0,0,0
car-1,2024-06-18 14:25:08,0,0,0,0,0,0,0,0,46,47,0,0,0,0,0,0,0,0,0,0,0,0,0,0,0,0
car-1,2024-06-18 14:25:18,0,0,0,0,0,0,0,0,47,46,0,0,0,0,0,0,0,0,0,0,0,0,0,0,0,0
car-1,2024-06-18 14:25:28,0,0,0,0,0,0,0,0,46,46,0,0,0,0,0,0,0,0,0,0,0,0,0,0,0,0
car-1,2024-06-18 14:25:38,0,0,0,0,0,0,0,0,48,46,0,0,0,0,0,0,0,0,0,0,0,0,0,0,0,0
car-1,2024-06-18 14:25:48,0,0,0,0,0,0,0,0,46,46,0,0,0,0,0,0,0,0,0,0,0,0,0,0,0,0
car-1,2024-06-18 14:25:58,0,0,0,0,0,0,0,0,47,46,0,0,0,0,0,0,0,0,0,0,0,0,0,0,0,0
car-1,2024-06-18 14:26:08,0,0,0,0,0,0,0,0,46,47,0,0,0,0,0,0,0,0,0,0,0,0,0,0,0,0
car-1,2024-06-18 14:26:18,0,0,0,0,0,0,0,0,48,46,0,0,0,0,0,0,0,0,0,0,0,0,0,0,0,0
car-1,2024-06-18 14:26:28,0,0,0,0,0,0,0,0,47,46,0,0,0,0,0,0,0,0,0,0,0,0,0,0,0,0
car-1,2024-06-18 14:26:38,0,0,0,0,0,0,0,0,46,46,0,0,0,0,0,0,0,0,0,0,0,0,0,0,0,0
car-1,2024-06-18 14:26:48,0,0,0,0,0,0,0,0,47,47,0,0,0,0,0,0,0,0,0,0,0,0,0,0,0,0
car-1,2024-06-18 14:26:58,0,0,0,0,0,0,0,0,46,46,0,0,0,0,0,0,0,0,0,0,0,0,0,0,0,0
car-1,2024-06-18 14:27:08,0,0,0,0,0,0,0,0,46,46,0,0,0,0,0,0,0,0,0,0,0,0,0,0,0,0
car-1,2024-06-18 14:27:18,0,0,0,0,0,0,0,0,47,47,0,0,0,0,0,0,0,0,0,0,0,0,0,0,0,0
car-1,2024-06-18 14:27:28,0,0,0,0,0,0,0,0,46,47,0,0,0,0,0,0,0,0,0,0,0,0,0,0,0,0
car-1,2024-06-18 14:27:38,0,0,0,0,0,0,0,0,47,46,0,0,0,0,0,0,0,0,0,0,0,0,0,0,0,0
car-1,2024-06-18 14:27:48,0,0,0,0,0,0,0,0,46,46,0,0,0,0,0,0,0,0,0,0,0,0,0,0,0,0
car-1,2024-06-18 14:27:58,0,0,0,0,0,0,0,0,46,47,0,0,0,0,0,0,0,0,0,0,0,0,0,0,0,0
car-1,2024-06-18 14:28:08,0,0,0,0,0,0,0,0,48,47,0,0,0,0,0,0,0,0,0,0,0,0,0,0,0,0
car-1,2024-06-18 14:28:18,0,0,0,0,0,0,0,0,47,47,0,0,0,0,0,0,0,0,0,0,0,0,0,0,0,0
car-1,2024-06-18 14:28:28,0,0,0,0,0,0,0,0,47,47,0,0,0,0,0,0,0,0,0,0,0,0,0,0,0,0
car-1,2024-06-18 14:28:38,0,0,0,0,0,0,0,0,47,46,0,0,0,0,0,0,0,0,0,0,0,0,0,0,0,0
car-1,2024-06-18 14:28:48,0,0,0,0,0,0,0,0,46,46,0,0,0,0,0,0,0,0,0,0,0,0,0,0,0,0
car-1,2024-06-18 14:28:58,0,0,0,0,0,0,0,0,47,46,0,0,0,0,0,0,0,0,0,0,0,0,0,0,0,0
car-1,2024-06-18 14:29:08,0,0,0,0,0,0,0,0,47,47,0,0,0,0,0,0,0,0,0,0,0,0,0,0,0,0
car-1,2024-06-18 14:29:18,0,0,0,0,0,0,0,0,47,47,0,0,0,0,0,0,0,0,0,0,0,0,0,0,0,0
car-1,2024-06-18 14:29:28,0,0,0,0,0,0,0,0,47,48,0,0,0,0,0,0,0,0,0,0,0,0,0,0,0,0
car-1,2024-06-18 14:29:38,0,0,0,0,0,0,0,0,47,47,0,0,0,0,0,0,0,0,0,0,0,0,0,0,0,0
car-1,2024-06-18 14:29:48,0,0,0,0,0,0,0,0,47,46,0,0,0,0,0,0,0,0,0,0,0,0,0,0,0,0
car-1,2024-06-18 14:29:58,0,0,0,0,0,0,0,0,47,47,0,0,0,0,0,0,0,0,0,0,0,0,0,0,0,0
car-1,2024-06-18 14:30:08,0,0,0,0,0,0,0,0,46,47,0,0,0,0,0,0,0,0,0,0,0,0,0,0,0,0
car-1,2024-06-18 14:30:18,0,0,0,0,0,0,0,0,47,47,0,0,0,0,0,0,0,0,0,0,0,0,0,0,0,0
car-1,2024-06-18 14:30:28,0,0,0,0,0,0,0,0,45,47,0,0,0,0,0,0,0,0,0,0,0,0,0,0,0,0
car-1,2024-06-18 14:30:38,0,0,0,0,0,0,0,0,47,46,0,0,0,0,0,0,0,0,0,0,0,0,0,0,0,0
car-1,2024-06-18 14:30:48,0,0,0,0,0,0,0,0,47,46,0,0,0,0,0,0,0,0,0,0,0,0,0,0,0,0
car-1,2024-06-18 14:30:58,0,0,0,0,0,0,0,0,47,46,0,0,0,0,0,0,0,0,0,0,0,0,0,0,0,0
car-1,2024-06-18 14:31:08,0,0,0,0,0,0,0,0,46,46,0,0,0,0,0,0,0,0,0,0,0,0,0,0,0,0
car-1,2024-06-18 14:31:18,0,0,0,0,0,0,0,0,46,46,0,0,0,0,0,0,0,0,0,0,0,0,0,0,0,0
car-1,2024-06-18 14:31:28,0,0,0,0,0,0,0,0,47,46,0,0,0,0,0,0,0,0,0,0,0,0,0,0,0,0
car-1,2024-06-18 14:31:38,0,0,0,0,0,0,0,0,47,47,0,0,0,0,0,0,0,0,0,0,0,0,0,0,0,0
car-1,2024-06-18 14:31:48,0,0,0,0,0,0,0,0,47,48,0,0,0,0,0,0,0,0,0,0,0,0,0,0,0,0
car-1,2024-06-18 14:31:58,0,0,0,0,0,0,0,0,47,47,0,0,0,0,0,0,0,0,0,0,0,0,0,0,0,0
car-1,2024-06-18 14:32:08,0,0,0,0,0,0,0,0,47,47,0,0,0,0,0,0,0,0,0,0,0,0,0,0,0,0
car-1,2024-06-18 14:32:18,0,0,0,0,0,0,0,0,48,47,0,0,0,0,0,0,0,0,0,0,0,0,0,0,0,0
car-1,2024-06-18 14:32:28,0,0,0,0,0,0,0,0,47,48,0,0,0,0,0,0,0,0,0,0,0,0,0,0,0,0
car-1,2024-06-18 14:32:38,0,0,0,0,0,0,0,0,47,47,0,0,0,0,0,0,0,0,0,0,0,0,0,0,0,0
car-1,2024-06-18 14:32:48,0,0,0,0,0,0,0,0,47,46,0,0,0,0,0,0,0,0,0,0,0,0,0,0,0,0
car-1,2024-06-18 14:32:58,0,0,0,0,0,0,0,0,46,48,0,0,0,0,0,0,0,0,0,0,0,0,0,0,0,0
car-1,2024-06-18 14:33:08,0,0,0,0,0,0,0,0,47,47,0,0,0,0,0,0,0,0,0,0,0,0,0,0,0,0
car-1,2024-06-18 14:33:18,0,0,0,0,0,0,0,0,46,46,0,0,0,0,0,0,0,0,0,0,0,0,0,0,0,0
car-1,2024-06-18 14:33:28,0,0,0,0,0,0,0,0,47,47,0,0,0,0,0,0,0,0,0,0,0,0,0,0,0,0
car-1,2024-06-18 14:33:38,0,0,0,0,0,0,0,0,47,47,0,0,0,0,0,0,0,0,0,0,0,0,0,0,0,0
car-1,2024-06-18 14:33:48,0,0,0,0,0,0,0,0,47,47,0,0,0,0,0,0,0,0,0,0,0,0,0,0,0,0
car-1,2024-06-18 14:33:58,0,0,0,0,0,0,0,0,46,46,0,0,0,0,0,0,0,0,0,0,0,0,0,0,0,0
car-1,2024-06-18 14:34:08,0,0,0,0,0,0,0,0,47,47,0,0,0,0,0,0,0,0,0,0,0,0,0,0,0,0
car-1,2024-06-18 14:34:18,0,0,0,0,0,0,0,0,47,47,0,0,0,0,0,0,0,0,0,0,0,0,0,0,0,0
car-1,2024-06-18 14:34:28,0,0,0,0,0,0,0,0,47,46,0,0,0,0,0,0,0,0,0,0,0,0,0,0,0,0
car-1,2024-06-18 14:34:38,0,0,0,0,0,0,0,0,46,46,0,0,0,0,0,0,0,0,0,0,0,0,0,0,0,0
car-1,2024-06-18 14:34:48,0,0,0,0,0,0,0,0,47,46,0,0,0,0,0,0,0,0,0,0,0,0,0,0,0,0
car-1,2024-06-18 14:34:58,0,0,0,0,0,0,0,0,46,46,0,0,0,0,0,0,0,0,0,0,0,0,0,0,0,0
car-1,2024-06-18 14:35:08,0,0,0,0,0,0,0,0,47,47,0,0,0,0,0,0,0,0,0,0,0,0,0,0,0,0
car-1,2024-06-18 14:35:18,0,0,0,0,0,0,0,0,46,47,0,0,0,0,0,0,0,0,0,0,0,0,0,0,0,0
car-1,2024-06-18 14:35:28,0,0,0,0,0,0,0,0,47,46,0,0,0,0,0,0,0,0,0,0,0,0,0,0,0,0
car-1,2024-06-18 14:35:38,0,0,0,0,0,0,0,0,48,46,0,0,0,0,0,0,0,0,0,0,0,0,0,0,0,0
car-1,2024-06-18 14:35:48,0,0,0,0,0,0,0,0,47,47,0,0,0,0,0,0,0,0,0,0,0,0,0,0,0,0
car-1,2024-06-18 14:35:58,0,0,0,0,0,0,0,0,47,47,0,0,0,0,0,0,0,0,0,0,0,0,0,0,0,0
car-1,2024-06-18 14:36:08,0,0,0,0,0,0,0,0,47,47,0,0,0,0,0,0,0,0,0,0,0,0,0,0,0,0
car-1,2024-06-18 14:36:18,0,0,0,0,0,0,0,0,47,46,0,0,0,0,0,0,0,0,0,0,0,0,0,0,0,0
car-1,2024-06-18 14:36:28,0,0,0,0,0,0,0,0,48,47,0,0,0,0,0,0,0,0,0,0,0,0,0,0,0,0
car-1,2024-06-18 14:36:38,0,0,0,0,0,0,0,0,47,46,0,0,0,0,0,0,0,0,0,0,0,0,0,0,0,0
car-1,2024-06-18 14:36:48,0,0,0,0,0,0,0,0,46,46,0,0,0,0,0,0,0,0,0,0,0,0,0,0,0,0
car-1,2024-06-18 14:36:58,0,0,0,0,0,0,0,0,47,47,0,0,0,0,0,0,0,0,0,0,0,0,0,0,0,0
car-1,2024-06-18 14:37:08,0,0,0,0,0,0,0,0,45,47,0,0,0,0,0,0,0,0,0,0,0,0,0,0,0,0
car-1,2024-06-18 14:37:18,0,0,0,0,0,0,0,0,46,46,0,0,0,0,0,0,0,0,0,0,0,0,0,0,0,0
car-1,2024-06-18 19:26:54,0,0,0,0,0,0,0,0,52,52,0,0,0,0,0,0,0,0,0,0,0,0,0,0,0,0
car-1,2024-06-18 19:27:04,0,0,0,0,0,0,0,0,52,52,0,0,0,0,0,0,0,0,0,0,0,0,0,0,0,0
car-1,2024-06-18 19:27:14,0,0,0,0,0,0,0,0,51,51,0,0,0,0,0,0,0,0,0,0,0,0,0,0,0,0
car-1,2024-06-18 19:27:24,0,0,0,0,0,0,0,0,51,52,0,0,0,0,0,0,0,0,0,0,0,0,0,0,0,0
car-1,2024-06-18 19:27:34,0,0,0,0,0,0,0,0,51,52,0,0,0,0,0,0,0,0,0,0,0,0,0,0,0,0
car-1,2024-06-18 19:27:44,0,0,0,0,0,0,0,0,51,51,0,0,0,0,0,0,0,0,0,0,0,0,0,0,0,0
car-1,2024-06-18 19:28:42,0,0,0,0,0,0,0,0,50,51,0,0,0,0,0,0,0,0,0,0,0,0,0,0,0,0
car-1,2024-06-19 09:23:28,0,0,0,0,0,0,0,0,43,44,0,0,0,0,0,0,0,0,0,0,0,0,0,0,0,0
car-1,2024-06-19 09:23:51,0,0,0,0,0,0,0,0,44,44,0,0,0,0,0,0,0,0,0,0,0,0,0,0,0,0
car-1,2024-06-19 09:24:01,0,0,0,0,0,0,0,0,44,44,0,0,0,0,0,0,0,0,0,0,0,0,0,0,0,0
car-1,2024-06-19 09:24:11,0,0,0,0,0,0,0,0,43,42,0,0,0,0,0,0,0,0,0,0,0,0,0,0,0,0
car-1,2024-06-19 09:24:21,0,0,0,0,0,0,0,0,44,43,0,0,0,0,0,0,0,0,0,0,0,0,0,0,0,0
car-1,2024-06-19 09:24:31,0,0,0,0,0,0,0,0,43,43,0,0,0,0,0,0,0,0,0,0,0,0,0,0,0,0
car-1,2024-06-19 09:24:41,0,0,0,0,0,0,0,0,43,44,0,0,0,0,0,0,0,0,0,0,0,0,0,0,0,0
car-1,2024-06-19 09:24:51,0,0,0,0,0,0,0,0,43,44,0,0,0,0,0,0,0,0,0,0,0,0,0,0,0,0
car-1,2024-06-19 09:25:01,0,0,0,0,0,0,0,0,45,43,0,0,0,0,0,0,0,0,0,0,0,0,0,0,0,0
car-1,2024-06-19 09:25:11,0,0,0,0,0,0,0,0,44,44,0,0,0,0,0,0,0,0,0,0,0,0,0,0,0,0
car-1,2024-06-19 09:25:21,0,0,0,0,0,0,0,0,45,44,0,0,0,0,0,0,0,0,0,0,0,0,0,0,0,0
car-1,2024-06-19 09:25:31,0,0,0,0,0,0,0,0,44,44,0,0,0,0,0,0,0,0,0,0,0,0,0,0,0,0
car-1,2024-06-19 09:25:41,0,0,0,0,0,0,0,0,44,43,0,0,0,0,0,0,0,0,0,0,0,0,0,0,0,0
car-1,2024-06-19 09:25:51,0,0,0,0,0,0,0,0,45,44,0,0,0,0,0,0,0,0,0,0,0,0,0,0,0,0
car-1,2024-06-19 09:26:01,0,0,0,0,0,0,0,0,43,44,0,0,0,0,0,0,0,0,0,0,0,0,0,0,0,0
car-1,2024-06-19 09:26:11,0,0,0,0,0,0,0,0,43,44,0,0,0,0,0,0,0,0,0,0,0,0,0,0,0,0
car-1,2024-06-19 09:26:21,0,0,0,0,0,0,0,0,44,44,0,0,0,0,0,0,0,0,0,0,0,0,0,0,0,0
car-1,2024-06-19 09:26:31,0,0,0,0,0,0,0,0,44,44,0,0,0,0,0,0,0,0,0,0,0,0,0,0,0,0
car-1,2024-06-19 09:26:41,0,0,0,0,0,0,0,0,44,43,0,0,0,0,0,0,0,0,0,0,0,0,0,0,0,0
car-1,2024-06-19 09:26:51,0,0,0,0,0,0,0,0,44,44,0,0,0,0,0,0,0,0,0,0,0,0,0,0,0,0
car-1,2024-06-19 09:27:01,0,0,0,0,0,0,0,0,44,44,0,0,0,0,0,0,0,0,0,0,0,0,0,0,0,0
car-1,2024-06-19 09:27:11,0,0,0,0,0,0,0,0,43,45,0,0,0,0,0,0,0,0,0,0,0,0,0,0,0,0
car-1,2024-06-19 09:27:21,0,0,0,0,0,0,0,0,45,44,0,0,0,0,0,0,0,0,0,0,0,0,0,0,0,0
car-1,2024-06-19 09:27:31,0,0,0,0,0,0,0,0,44,44,0,0,0,0,0,0,0,0,0,0,0,0,0,0,0,0
car-1,2024-06-19 09:27:41,0,0,0,0,0,0,0,0,45,44,0,0,0,0,0,0,0,0,0,0,0,0,0,0,0,0
car-1,2024-06-19 09:27:51,0,0,0,0,0,0,0,0,44,44,0,0,0,0,0,0,0,0,0,0,0,0,0,0,0,0
car-1,2024-06-19 09:28:01,0,0,0,0,0,0,0,0,44,44,0,0,0,0,0,0,0,0,0,0,0,0,0,0,0,0
car-1,2024-06-19 09:28:11,0,0,0,0,0,0,0,0,44,43,0,0,0,0,0,0,0,0,0,0,0,0,0,0,0,0
car-1,2024-06-19 09:28:21,0,0,0,0,0,0,0,0,45,44,0,0,0,0,0,0,0,0,0,0,0,0,0,0,0,0
car-1,2024-06-19 09:28:31,0,0,0,0,0,0,0,0,44,44,0,0,0,0,0,0,0,0,0,0,0,0,0,0,0,0
car-1,2024-06-19 09:28:41,0,0,0,0,0,0,0,0,44,44,0,0,0,0,0,0,0,0,0,0,0,0,0,0,0,0
car-1,2024-06-19 09:28:51,0,0,0,0,0,0,0,0,43,43,0,0,0,0,0,0,0,0,0,0,0,0,0,0,0,0
car-1,2024-06-19 09:29:01,0,0,0,0,0,0,0,0,45,45,0,0,0,0,0,0,0,0,0,0,0,0,0,0,0,0
car-1,2024-06-19 09:29:11,0,0,0,0,0,0,0,0,44,45,0,0,0,0,0,0,0,0,0,0,0,0,0,0,0,0
car-1,2024-06-19 09:29:21,0,0,0,0,0,0,0,0,45,44,0,0,0,0,0,0,0,0,0,0,0,0,0,0,0,0
car-1,2024-06-19 09:29:31,0,0,0,0,0,0,0,0,45,44,0,0,0,0,0,0,0,0,0,0,0,0,0,0,0,0
car-1,2024-06-19 09:29:41,0,0,0,0,0,0,0,0,45,43,0,0,0,0,0,0,0,0,0,0,0,0,0,0,0,0
car-1,2024-06-19 09:29:51,0,0,0,0,0,0,0,0,44,44,0,0,0,0,0,0,0,0,0,0,0,0,0,0,0,0
car-1,2024-06-19 09:30:01,0,0,0,0,0,0,0,0,44,46,0,0,0,0,0,0,0,0,0,0,0,0,0,0,0,0
car-1,2024-06-19 09:30:11,0,0,0,0,0,0,0,0,44,44,0,0,0,0,0,0,0,0,0,0,0,0,0,0,0,0
car-1,2024-06-19 09:30:21,0,0,0,0,0,0,0,0,44,44,0,0,0,0,0,0,0,0,0,0,0,0,0,0,0,0
car-1,2024-06-19 09:30:31,0,0,0,0,0,0,0,0,44,45,0,0,0,0,0,0,0,0,0,0,0,0,0,0,0,0
car-1,2024-06-19 09:30:41,0,0,0,0,0,0,0,0,43,44,0,0,0,0,0,0,0,0,0,0,0,0,0,0,0,0
car-1,2024-06-19 09:30:51,0,0,0,0,0,0,0,0,45,44,0,0,0,0,0,0,0,0,0,0,0,0,0,0,0,0
car-1,2024-06-19 09:31:01,0,0,0,0,0,0,0,0,44,45,0,0,0,0,0,0,0,0,0,0,0,0,0,0,0,0
car-1,2024-06-19 09:31:11,0,0,0,0,0,0,0,0,44,44,0,0,0,0,0,0,0,0,0,0,0,0,0,0,0,0
car-1,2024-06-19 09:31:21,0,0,0,0,0,0,0,0,45,44,0,0,0,0,0,0,0,0,0,0,0,0,0,0,0,0
car-1,2024-06-19 09:31:31,0,0,0,0,0,0,0,0,44,43,0,0,0,0,0,0,0,0,0,0,0,0,0,0,0,0
car-1,2024-06-19 09:31:41,0,0,0,0,0,0,0,0,44,44,0,0,0,0,0,0,0,0,0,0,0,0,0,0,0,0
car-1,2024-06-19 09:31:51,0,0,0,0,0,0,0,0,45,44,0,0,0,0,0,0,0,0,0,0,0,0,0,0,0,0
car-1,2024-06-19 09:32:01,0,0,0,0,0,0,0,0,44,44,0,0,0,0,0,0,0,0,0,0,0,0,0,0,0,0
car-1,2024-06-19 09:32:11,0,0,0,0,0,0,0,0,44,44,0,0,0,0,0,0,0,0,0,0,0,0,0,0,0,0
car-1,2024-06-19 09:32:21,0,0,0,0,0,0,0,0,45,43,0,0,0,0,0,0,0,0,0,0,0,0,0,0,0,0
car-1,2024-06-19 09:32:31,0,0,0,0,0,0,0,0,45,44,0,0,0,0,0,0,0,0,0,0,0,0,0,0,0,0
car-1,2024-06-19 09:32:41,0,0,0,0,0,0,0,0,44,45,0,0,0,0,0,0,0,0,0,0,0,0,0,0,0,0
car-1,2024-06-19 09:32:51,0,0,0,0,0,0,0,0,44,44,0,0,0,0,0,0,0,0,0,0,0,0,0,0,0,0
car-1,2024-06-19 09:33:01,0,0,0,0,0,0,0,0,44,43,0,0,0,0,0,0,0,0,0,0,0,0,0,0,0,0
car-1,2024-06-19 09:33:11,0,0,0,0,0,0,0,0,44,43,0,0,0,0,0,0,0,0,0,0,0,0,0,0,0,0
car-1,2024-06-19 09:33:21,0,0,0,0,0,0,0,0,45,44,0,0,0,0,0,0,0,0,0,0,0,0,0,0,0,0
car-1,2024-06-19 09:33:31,0,0,0,0,0,0,0,0,45,44,0,0,0,0,0,0,0,0,0,0,0,0,0,0,0,0
car-1,2024-06-19 09:33:41,0,0,0,0,0,0,0,0,44,45,0,0,0,0,0,0,0,0,0,0,0,0,0,0,0,0
car-1,2024-06-19 09:33:51,0,0,0,0,0,0,0,0,44,44,0,0,0,0,0,0,0,0,0,0,0,0,0,0,0,0
car-1,2024-06-19 09:34:01,0,0,0,0,0,0,0,0,44,44,0,0,0,0,0,0,0,0,0,0,0,0,0,0,0,0
car-1,2024-06-19 09:34:11,0,0,0,0,0,0,0,0,44,44,0,0,0,0,0,0,0,0,0,0,0,0,0,0,0,0
car-1,2024-06-19 09:34:21,0,0,0,0,0,0,0,0,45,43,0,0,0,0,0,0,0,0,0,0,0,0,0,0,0,0
car-1,2024-06-19 09:34:31,0,0,0,0,0,0,0,0,44,44,0,0,0,0,0,0,0,0,0,0,0,0,0,0,0,0
car-1,2024-06-19 09:34:41,0,0,0,0,0,0,0,0,45,44,0,0,0,0,0,0,0,0,0,0,0,0,0,0,0,0
car-1,2024-06-19 09:34:51,0,0,0,0,0,0,0,0,44,44,0,0,0,0,0,0,0,0,0,0,0,0,0,0,0,0
car-1,2024-06-19 09:35:01,0,0,0,0,0,0,0,0,44,43,0,0,0,0,0,0,0,0,0,0,0,0,0,0,0,0
car-1,2024-06-19 09:35:11,0,0,0,0,0,0,0,0,44,45,0,0,0,0,0,0,0,0,0,0,0,0,0,0,0,0
car-1,2024-06-19 09:35:21,0,0,0,0,0,0,0,0,45,44,0,0,0,0,0,0,0,0,0,0,0,0,0,0,0,0
car-1,2024-06-19 09:35:31,0,0,0,0,0,0,0,0,44,44,0,0,0,0,0,0,0,0,0,0,0,0,0,0,0,0
car-1,2024-06-19 09:35:41,0,0,0,0,0,0,0,0,44,44,0,0,0,0,0,0,0,0,0,0,0,0,0,0,0,0
car-1,2024-06-19 09:35:51,0,0,0,0,0,0,0,0,44,44,0,0,0,0,0,0,0,0,0,0,0,0,0,0,0,0
car-1,2024-06-19 09:36:01,0,0,0,0,0,0,0,0,45,44,0,0,0,0,0,0,0,0,0,0,0,0,0,0,0,0
car-1,2024-06-19 09:36:11,0,0,0,0,0,0,0,0,45,44,0,0,0,0,0,0,0,0,0,0,0,0,0,0,0,0
car-1,2024-06-19 09:36:21,0,0,0,0,0,0,0,0,45,44,0,0,0,0,0,0,0,0,0,0,0,0,0,0,0,0
car-1,2024-06-19 09:36:31,0,0,0,0,0,0,0,0,44,44,0,0,0,0,0,0,0,0,0,0,0,0,0,0,0,0
car-1,2024-06-19 09:36:41,0,0,0,0,0,0,0,0,45,45,0,0,0,0,0,0,0,0,0,0,0,0,0,0,0,0
car-1,2024-06-19 09:36:51,0,0,0,0,0,0,0,0,43,45,0,0,0,0,0,0,0,0,0,0,0,0,0,0,0,0
car-1,2024-06-19 09:37:01,0,0,0,0,0,0,0,0,45,44,0,0,0,0,0,0,0,0,0,0,0,0,0,0,0,0
car-1,2024-06-19 09:37:11,0,0,0,0,0,0,0,0,44,44,0,0,0,0,0,0,0,0,0,0,0,0,0,0,0,0
car-1,2024-06-19 09:37:21,0,0,0,0,0,0,0,0,44,44,0,0,0,0,0,0,0,0,0,0,0,0,0,0,0,0
car-1,2024-06-19 09:37:31,0,0,0,0,0,0,0,0,46,44,0,0,0,0,0,0,0,0,0,0,0,0,0,0,0,0
car-1,2024-06-19 09:37:41,0,0,0,0,0,0,0,0,44,43,0,0,0,0,0,0,0,0,0,0,0,0,0,0,0,0
car-1,2024-06-19 09:37:51,0,0,0,0,0,0,0,0,44,44,0,0,0,0,0,0,0,0,0,0,0,0,0,0,0,0
car-1,2024-06-19 09:38:01,0,0,0,0,0,0,0,0,44,43,0,0,0,0,0,0,0,0,0,0,0,0,0,0,0,0
car-1,2024-06-19 09:38:11,0,0,0,0,0,0,0,0,44,45,0,0,0,0,0,0,0,0,0,0,0,0,0,0,0,0
car-1,2024-06-19 09:38:21,0,0,0,0,0,0,0,0,44,43,0,0,0,0,0,0,0,0,0,0,0,0,0,0,0,0
car-1,2024-06-19 09:38:31,0,0,0,0,0,0,0,0,45,44,0,0,0,0,0,0,0,0,0,0,0,0,0,0,0,0
car-1,2024-06-19 09:38:41,0,0,0,0,0,0,0,0,44,44,0,0,0,0,0,0,0,0,0,0,0,0,0,0,0,0
car-1,2024-06-19 09:38:51,0,0,0,0,0,0,0,0,45,44,0,0,0,0,0,0,0,0,0,0,0,0,0,0,0,0
car-1,2024-06-19 09:39:01,0,0,0,0,0,0,0,0,43,44,0,0,0,0,0,0,0,0,0,0,0,0,0,0,0,0
car-1,2024-06-19 09:39:11,0,0,0,0,0,0,0,0,44,44,0,0,0,0,0,0,0,0,0,0,0,0,0,0,0,0
car-1,2024-06-19 09:39:21,0,0,0,0,0,0,0,0,45,44,0,0,0,0,0,0,0,0,0,0,0,0,0,0,0,0
car-1,2024-06-19 09:39:31,0,0,0,0,0,0,0,0,44,44,0,0,0,0,0,0,0,0,0,0,0,0,0,0,0,0
car-1,2024-06-19 09:39:41,0,0,0,0,0,0,0,0,44,44,0,0,0,0,0,0,0,0,0,0,0,0,0,0,0,0
car-1,2024-06-19 09:39:51,0,0,0,0,0,0,0,0,44,44,0,0,0,0,0,0,0,0,0,0,0,0,0,0,0,0
car-1,2024-06-19 09:40:01,0,0,0,0,0,0,0,0,45,45,0,0,0,0,0,0,0,0,0,0,0,0,0,0,0,0
car-1,2024-06-19 09:40:11,0,0,0,0,0,0,0,0,45,44,0,0,0,0,0,0,0,0,0,0,0,0,0,0,0,0
car-1,2024-06-19 09:40:21,0,0,0,0,0,0,0,0,44,45,0,0,0,0,0,0,0,0,0,0,0,0,0,0,0,0
car-1,2024-06-19 09:40:31,0,0,0,0,0,0,0,0,45,45,0,0,0,0,0,0,0,0,0,0,0,0,0,0,0,0
car-1,2024-06-19 09:40:41,0,0,0,0,0,0,0,0,45,44,0,0,0,0,0,0,0,0,0,0,0,0,0,0,0,0
car-1,2024-06-19 09:40:51,0,0,0,0,0,0,0,0,44,44,0,0,0,0,0,0,0,0,0,0,0,0,0,0,0,0
car-1,2024-06-19 09:41:01,0,0,0,0,0,0,0,0,44,44,0,0,0,0,0,0,0,0,0,0,0,0,0,0,0,0
car-1,2024-06-19 09:41:11,0,0,0,0,0,0,0,0,44,45,0,0,0,0,0,0,0,0,0,0,0,0,0,0,0,0
car-1,2024-06-19 09:41:21,0,0,0,0,0,0,0,0,45,44,0,0,0,0,0,0,0,0,0,0,0,0,0,0,0,0
car-1,2024-06-19 09:41:31,0,0,0,0,0,0,0,0,45,46,0,0,0,0,0,0,0,0,0,0,0,0,0,0,0,0
car-1,2024-06-19 09:41:41,0,0,0,0,0,0,0,0,45,44,0,0,0,0,0,0,0,0,0,0,0,0,0,0,0,0
car-1,2024-06-19 09:41:51,0,0,0,0,0,0,0,0,45,44,0,0,0,0,0,0,0,0,0,0,0,0,0,0,0,0
car-1,2024-06-19 09:42:01,0,0,0,0,0,0,0,0,45,44,0,0,0,0,0,0,0,0,0,0,0,0,0,0,0,0
car-1,2024-06-19 09:42:11,0,0,0,0,0,0,0,0,44,43,0,0,0,0,0,0,0,0,0,0,0,0,0,0,0,0
car-1,2024-06-19 09:42:21,0,0,0,0,0,0,0,0,45,45,0,0,0,0,0,0,0,0,0,0,0,0,0,0,0,0
car-1,2024-06-19 09:42:31,0,0,0,0,0,0,0,0,44,45,0,0,0,0,0,0,0,0,0,0,0,0,0,0,0,0
car-1,2024-06-19 09:42:41,0,0,0,0,0,0,0,0,44,45,0,0,0,0,0,0,0,0,0,0,0,0,0,0,0,0
car-1,2024-06-19 09:42:51,0,0,0,0,0,0,0,0,44,44,0,0,0,0,0,0,0,0,0,0,0,0,0,0,0,0
car-1,2024-06-19 09:43:01,0,0,0,0,0,0,0,0,44,44,0,0,0,0,0,0,0,0,0,0,0,0,0,0,0,0
car-1,2024-06-19 09:43:11,0,0,0,0,0,0,0,0,44,44,0,0,0,0,0,0,0,0,0,0,0,0,0,0,0,0
car-1,2024-06-19 09:43:21,0,0,0,0,0,0,0,0,45,44,0,0,0,0,0,0,0,0,0,0,0,0,0,0,0,0
car-1,2024-06-19 09:43:31,0,0,0,0,0,0,0,0,45,44,0,0,0,0,0,0,0,0,0,0,0,0,0,0,0,0
car-1,2024-06-19 09:43:41,0,0,0,0,0,0,0,0,45,44,0,0,0,0,0,0,0,0,0,0,0,0,0,0,0,0
car-1,2024-06-19 09:43:51,0,0,0,0,0,0,0,0,45,44,0,0,0,0,0,0,0,0,0,0,0,0,0,0,0,0
car-1,2024-06-19 09:44:01,0,0,0,0,0,0,0,0,44,44,0,0,0,0,0,0,0,0,0,0,0,0,0,0,0,0
car-1,2024-06-19 09:44:11,0,0,0,0,0,0,0,0,45,43,0,0,0,0,0,0,0,0,0,0,0,0,0,0,0,0
car-1,2024-06-19 09:44:21,0,0,0,0,0,0,0,0,44,44,0,0,0,0,0,0,0,0,0,0,0,0,0,0,0,0
car-1,2024-06-19 09:44:31,0,0,0,0,0,0,0,0,44,43,0,0,0,0,0,0,0,0,0,0,0,0,0,0,0,0
car-1,2024-06-19 09:44:41,0,0,0,0,0,0,0,0,44,44,0,0,0,0,0,0,0,0,0,0,0,0,0,0,0,0
car-1,2024-06-19 09:44:51,0,0,0,0,0,0,0,0,44,44,0,0,0,0,0,0,0,0,0,0,0,0,0,0,0,0
car-1,2024-06-19 09:45:01,0,0,0,0,0,0,0,0,44,44,0,0,0,0,0,0,0,0,0,0,0,0,0,0,0,0
car-1,2024-06-19 09:45:11,0,0,0,0,0,0,0,0,45,44,0,0,0,0,0,0,0,0,0,0,0,0,0,0,0,0
car-1,2024-06-19 09:45:21,0,0,0,0,0,0,0,0,44,44,0,0,0,0,0,0,0,0,0,0,0,0,0,0,0,0
car-1,2024-06-19 09:45:31,0,0,0,0,0,0,0,0,45,44,0,0,0,0,0,0,0,0,0,0,0,0,0,0,0,0
car-1,2024-06-19 09:45:41,0,0,0,0,0,0,0,0,44,44,0,0,0,0,0,0,0,0,0,0,0,0,0,0,0,0
car-1,2024-06-19 09:45:51,0,0,0,0,0,0,0,0,44,45,0,0,0,0,0,0,0,0,0,0,0,0,0,0,0,0
car-1,2024-06-19 09:46:01,0,0,0,0,0,0,0,0,44,44,0,0,0,0,0,0,0,0,0,0,0,0,0,0,0,0
car-1,2024-06-19 09:46:11,0,0,0,0,0,0,0,0,45,44,0,0,0,0,0,0,0,0,0,0,0,0,0,0,0,0
car-1,2024-06-19 09:46:21,0,0,0,0,0,0,0,0,45,44,0,0,0,0,0,0,0,0,0,0,0,0,0,0,0,0
car-1,2024-06-19 09:46:31,0,0,0,0,0,0,0,0,45,44,0,0,0,0,0,0,0,0,0,0,0,0,0,0,0,0
car-1,2024-06-19 09:46:41,0,0,0,0,0,0,0,0,44,44,0,0,0,0,0,0,0,0,0,0,0,0,0,0,0,0
car-1,2024-06-19 09:46:51,0,0,0,0,0,0,0,0,44,44,0,0,0,0,0,0,0,0,0,0,0,0,0,0,0,0
car-1,2024-06-19 09:47:01,0,0,0,0,0,0,0,0,44,45,0,0,0,0,0,0,0,0,0,0,0,0,0,0,0,0
car-1,2024-06-19 09:47:11,0,0,0,0,0,0,0,0,44,44,0,0,0,0,0,0,0,0,0,0,0,0,0,0,0,0
car-1,2024-06-19 09:47:21,0,0,0,0,0,0,0,0,44,45,0,0,0,0,0,0,0,0,0,0,0,0,0,0,0,0
car-1,2024-06-19 09:47:31,0,0,0,0,0,0,0,0,44,44,0,0,0,0,0,0,0,0,0,0,0,0,0,0,0,0
car-1,2024-06-19 09:47:41,0,0,0,0,0,0,0,0,44,43,0,0,0,0,0,0,0,0,0,0,0,0,0,0,0,0
car-1,2024-06-19 09:47:51,0,0,0,0,0,0,0,0,45,45,0,0,0,0,0,0,0,0,0,0,0,0,0,0,0,0
car-1,2024-06-19 09:48:01,0,0,0,0,0,0,0,0,44,45,0,0,0,0,0,0,0,0,0,0,0,0,0,0,0,0
car-1,2024-06-19 09:48:11,0,0,0,0,0,0,0,0,44,45,0,0,0,0,0,0,0,0,0,0,0,0,0,0,0,0
car-1,2024-06-19 09:48:21,0,0,0,0,0,0,0,0,45,44,0,0,0,0,0,0,0,0,0,0,0,0,0,0,0,0
car-1,2024-06-19 09:48:31,0,0,0,0,0,0,0,0,44,44,0,0,0,0,0,0,0,0,0,0,0,0,0,0,0,0
car-1,2024-06-19 09:48:41,0,0,0,0,0,0,0,0,45,45,0,0,0,0,0,0,0,0,0,0,0,0,0,0,0,0
car-1,2024-06-19 09:48:51,0,0,0,0,0,0,0,0,44,45,0,0,0,0,0,0,0,0,0,0,0,0,0,0,0,0
car-1,2024-06-19 09:49:01,0,0,0,0,0,0,0,0,44,44,0,0,0,0,0,0,0,0,0,0,0,0,0,0,0,0
car-1,2024-06-19 09:49:11,0,0,0,0,0,0,0,0,45,45,0,0,0,0,0,0,0,0,0,0,0,0,0,0,0,0
car-1,2024-06-19 09:49:21,0,0,0,0,0,0,0,0,45,45,0,0,0,0,0,0,0,0,0,0,0,0,0,0,0,0
car-1,2024-06-19 09:49:31,0,0,0,0,0,0,0,0,45,44,0,0,0,0,0,0,0,0,0,0,0,0,0,0,0,0
car-1,2024-06-19 09:49:41,0,0,0,0,0,0,0,0,45,44,0,0,0,0,0,0,0,0,0,0,0,0,0,0,0,0
car-1,2024-06-19 09:49:51,0,0,0,0,0,0,0,0,45,44,0,0,0,0,0,0,0,0,0,0,0,0,0,0,0,0
car-1,2024-06-19 09:50:01,0,0,0,0,0,0,0,0,45,44,0,0,0,0,0,0,0,0,0,0,0,0,0,0,0,0
car-1,2024-06-19 09:50:11,0,0,0,0,0,0,0,0,45,45,0,0,0,0,0,0,0,0,0,0,0,0,0,0,0,0
car-1,2024-06-19 09:50:21,0,0,0,0,0,0,0,0,44,44,0,0,0,0,0,0,0,0,0,0,0,0,0,0,0,0
car-1,2024-06-19 09:50:31,0,0,0,0,0,0,0,0,44,44,0,0,0,0,0,0,0,0,0,0,0,0,0,0,0,0
car-1,2024-06-19 09:50:41,0,0,0,0,0,0,0,0,45,44,0,0,0,0,0,0,0,0,0,0,0,0,0,0,0,0
car-1,2024-06-19 09:50:51,0,0,0,0,0,0,0,0,45,44,0,0,0,0,0,0,0,0,0,0,0,0,0,0,0,0
car-1,2024-06-19 09:51:01,0,0,0,0,0,0,0,0,44,44,0,0,0,0,0,0,0,0,0,0,0,0,0,0,0,0
car-1,2024-06-19 09:51:11,0,0,0,0,0,0,0,0,44,43,0,0,0,0,0,0,0,0,0,0,0,0,0,0,0,0
car-1,2024-06-19 09:51:21,0,0,0,0,0,0,0,0,45,45,0,0,0,0,0,0,0,0,0,0,0,0,0,0,0,0
car-1,2024-06-19 09:51:31,0,0,0,0,0,0,0,0,45,45,0,0,0,0,0,0,0,0,0,0,0,0,0,0,0,0
car-1,2024-06-19 09:51:41,0,0,0,0,0,0,0,0,43,45,0,0,0,0,0,0,0,0,0,0,0,0,0,0,0,0
car-1,2024-06-19 09:51:51,0,0,0,0,0,0,0,0,46,44,0,0,0,0,0,0,0,0,0,0,0,0,0,0,0,0
car-1,2024-06-19 09:52:01,0,0,0,0,0,0,0,0,44,44,0,0,0,0,0,0,0,0,0,0,0,0,0,0,0,0
car-1,2024-06-19 09:52:11,0,0,0,0,0,0,0,0,45,44,0,0,0,0,0,0,0,0,0,0,0,0,0,0,0,0
car-1,2024-06-19 09:52:21,0,0,0,0,0,0,0,0,44,44,0,0,0,0,0,0,0,0,0,0,0,0,0,0,0,0
car-1,2024-06-19 09:52:31,0,0,0,0,0,0,0,0,44,44,0,0,0,0,0,0,0,0,0,0,0,0,0,0,0,0
car-1,2024-06-19 09:52:41,0,0,0,0,0,0,0,0,44,44,0,0,0,0,0,0,0,0,0,0,0,0,0,0,0,0
car-1,2024-06-19 09:52:51,0,0,0,0,0,0,0,0,44,43,0,0,0,0,0,0,0,0,0,0,0,0,0,0,0,0
car-1,2024-06-19 09:53:01,0,0,0,0,0,0,0,0,43,44,0,0,0,0,0,0,0,0,0,0,0,0,0,0,0,0
car-1,2024-06-19 09:53:11,0,0,0,0,0,0,0,0,45,45,0,0,0,0,0,0,0,0,0,0,0,0,0,0,0,0
car-1,2024-06-19 09:53:21,0,0,0,0,0,0,0,0,44,45,0,0,0,0,0,0,0,0,0,0,0,0,0,0,0,0
car-1,2024-06-19 09:53:31,0,0,0,0,0,0,0,0,44,44,0,0,0,0,0,0,0,0,0,0,0,0,0,0,0,0
car-1,2024-06-19 09:53:41,0,0,0,0,0,0,0,0,45,44,0,0,0,0,0,0,0,0,0,0,0,0,0,0,0,0
car-1,2024-06-19 09:53:51,0,0,0,0,0,0,0,0,44,44,0,0,0,0,0,0,0,0,0,0,0,0,0,0,0,0
car-1,2024-06-19 09:54:01,0,0,0,0,0,0,0,0,45,45,0,0,0,0,0,0,0,0,0,0,0,0,0,0,0,0
car-1,2024-06-19 09:54:11,0,0,0,0,0,0,0,0,44,44,0,0,0,0,0,0,0,0,0,0,0,0,0,0,0,0
car-1,2024-06-19 09:54:21,0,0,0,0,0,0,0,0,45,45,0,0,0,0,0,0,0,0,0,0,0,0,0,0,0,0
car-1,2024-06-19 09:54:31,0,0,0,0,0,0,0,0,45,44,0,0,0,0,0,0,0,0,0,0,0,0,0,0,0,0
car-1,2024-06-19 09:54:41,0,0,0,0,0,0,0,0,44,43,0,0,0,0,0,0,0,0,0,0,0,0,0,0,0,0
car-1,2024-06-19 09:54:51,0,0,0,0,0,0,0,0,44,45,0,0,0,0,0,0,0,0,0,0,0,0,0,0,0,0
car-1,2024-06-19 09:55:01,0,0,0,0,0,0,0,0,43,44,0,0,0,0,0,0,0,0,0,0,0,0,0,0,0,0
car-1,2024-06-19 09:55:11,0,0,0,0,0,0,0,0,44,43,0,0,0,0,0,0,0,0,0,0,0,0,0,0,0,0
car-1,2024-06-19 09:55:21,0,0,0,0,0,0,0,0,44,43,0,0,0,0,0,0,0,0,0,0,0,0,0,0,0,0
car-1,2024-06-19 09:55:31,0,0,0,0,0,0,0,0,44,45,0,0,0,0,0,0,0,0,0,0,0,0,0,0,0,0
car-1,2024-06-19 09:55:41,0,0,0,0,0,0,0,0,44,44,0,0,0,0,0,0,0,0,0,0,0,0,0,0,0,0
car-1,2024-06-19 09:55:51,0,0,0,0,0,0,0,0,43,45,0,0,0,0,0,0,0,0,0,0,0,0,0,0,0,0
car-1,2024-06-19 09:56:01,0,0,0,0,0,0,0,0,44,45,0,0,0,0,0,0,0,0,0,0,0,0,0,0,0,0
car-1,2024-06-19 09:56:11,0,0,0,0,0,0,0,0,44,44,0,0,0,0,0,0,0,0,0,0,0,0,0,0,0,0
car-1,2024-06-19 09:56:21,0,0,0,0,0,0,0,0,45,44,0,0,0,0,0,0,0,0,0,0,0,0,0,0,0,0
car-1,2024-06-19 09:56:31,0,0,0,0,0,0,0,0,44,44,0,0,0,0,0,0,0,0,0,0,0,0,0,0,0,0
car-1,2024-06-19 09:56:41,0,0,0,0,0,0,0,0,44,44,0,0,0,0,0,0,0,0,0,0,0,0,0,0,0,0
car-1,2024-06-19 09:56:51,0,0,0,0,0,0,0,0,43,44,0,0,0,0,0,0,0,0,0,0,0,0,0,0,0,0
car-1,2024-06-19 09:57:01,0,0,0,0,0,0,0,0,43,44,0,0,0,0,0,0,0,0,0,0,0,0,0,0,0,0
car-1,2024-06-19 09:57:11,0,0,0,0,0,0,0,0,45,44,0,0,0,0,0,0,0,0,0,0,0,0,0,0,0,0
car-1,2024-06-19 09:57:21,0,0,0,0,0,0,0,0,43,44,0,0,0,0,0,0,0,0,0,0,0,0,0,0,0,0
car-1,2024-06-19 09:57:31,0,0,0,0,0,0,0,0,44,44,0,0,0,0,0,0,0,0,0,0,0,0,0,0,0,0
car-1,2024-06-19 09:57:41,0,0,0,0,0,0,0,0,44,44,0,0,0,0,0,0,0,0,0,0,0,0,0,0,0,0
car-1,2024-06-19 09:57:51,0,0,0,0,0,0,0,0,44,44,0,0,0,0,0,0,0,0,0,0,0,0,0,0,0,0
car-1,2024-06-19 09:58:01,0,0,0,0,0,0,0,0,44,44,0,0,0,0,0,0,0,0,0,0,0,0,0,0,0,0
car-1,2024-06-19 09:58:11,0,0,0,0,0,0,0,0,45,45,0,0,0,0,0,0,0,0,0,0,0,0,0,0,0,0
car-1,2024-06-19 09:58:21,0,0,0,0,0,0,0,0,45,45,0,0,0,0,0,0,0,0,0,0,0,0,0,0,0,0
car-1,2024-06-19 09:58:31,0,0,0,0,0,0,0,0,45,43,0,0,0,0,0,0,0,0,0,0,0,0,0,0,0,0
car-1,2024-06-19 09:58:41,0,0,0,0,0,0,0,0,44,44,0,0,0,0,0,0,0,0,0,0,0,0,0,0,0,0
car-1,2024-06-19 09:58:51,0,0,0,0,0,0,0,0,44,44,0,0,0,0,0,0,0,0,0,0,0,0,0,0,0,0
car-1,2024-06-19 09:59:01,0,0,0,0,0,0,0,0,44,44,0,0,0,0,0,0,0,0,0,0,0,0,0,0,0,0
car-1,2024-06-19 09:59:11,0,0,0,0,0,0,0,0,44,43,0,0,0,0,0,0,0,0,0,0,0,0,0,0,0,0
car-1,2024-06-19 09:59:21,0,0,0,0,0,0,0,0,44,44,0,0,0,0,0,0,0,0,0,0,0,0,0,0,0,0
car-1,2024-06-19 09:59:31,0,0,0,0,0,0,0,0,44,44,0,0,0,0,0,0,0,0,0,0,0,0,0,0,0,0
car-1,2024-06-19 09:59:41,0,0,0,0,0,0,0,0,45,44,0,0,0,0,0,0,0,0,0,0,0,0,0,0,0,0
car-1,2024-06-19 09:59:51,0,0,0,0,0,0,0,0,44,45,0,0,0,0,0,0,0,0,0,0,0,0,0,0,0,0
car-1,2024-06-19 10:00:01,0,0,0,0,0,0,0,0,43,45,0,0,0,0,0,0,0,0,0,0,0,0,0,0,0,0
car-1,2024-06-19 10:00:11,0,0,0,0,0,0,0,0,45,44,0,0,0,0,0,0,0,0,0,0,0,0,0,0,0,0
car-1,2024-06-19 10:00:21,0,0,0,0,0,0,0,0,44,43,0,0,0,0,0,0,0,0,0,0,0,0,0,0,0,0
car-1,2024-06-19 10:00:31,0,0,0,0,0,0,0,0,43,44,0,0,0,0,0,0,0,0,0,0,0,0,0,0,0,0
car-1,2024-06-19 10:00:41,0,0,0,0,0,0,0,0,44,44,0,0,0,0,0,0,0,0,0,0,0,0,0,0,0,0
car-1,2024-06-19 10:00:51,0,0,0,0,0,0,0,0,45,44,0,0,0,0,0,0,0,0,0,0,0,0,0,0,0,0
car-1,2024-06-19 10:01:01,0,0,0,0,0,0,0,0,44,45,0,0,0,0,0,0,0,0,0,0,0,0,0,0,0,0
car-1,2024-06-19 10:01:11,0,0,0,0,0,0,0,0,44,44,0,0,0,0,0,0,0,0,0,0,0,0,0,0,0,0
car-1,2024-06-19 10:01:21,0,0,0,0,0,0,0,0,44,43,0,0,0,0,0,0,0,0,0,0,0,0,0,0,0,0
car-1,2024-06-19 10:01:31,0,0,0,0,0,0,0,0,44,44,0,0,0,0,0,0,0,0,0,0,0,0,0,0,0,0
car-1,2024-06-19 10:01:41,0,0,0,0,0,0,0,0,45,44,0,0,0,0,0,0,0,0,0,0,0,0,0,0,0,0
car-1,2024-06-19 10:01:51,0,0,0,0,0,0,0,0,43,44,0,0,0,0,0,0,0,0,0,0,0,0,0,0,0,0
car-1,2024-06-19 10:02:01,0,0,0,0,0,0,0,0,44,44,0,0,0,0,0,0,0,0,0,0,0,0,0,0,0,0
car-1,2024-06-19 10:02:11,0,0,0,0,0,0,0,0,44,44,0,0,0,0,0,0,0,0,0,0,0,0,0,0,0,0
car-1,2024-06-19 10:02:21,0,0,0,0,0,0,0,0,44,45,0,0,0,0,0,0,0,0,0,0,0,0,0,0,0,0
car-1,2024-06-19 10:02:31,0,0,0,0,0,0,0,0,45,44,0,0,0,0,0,0,0,0,0,0,0,0,0,0,0,0
car-1,2024-06-19 10:02:41,0,0,0,0,0,0,0,0,43,45,0,0,0,0,0,0,0,0,0,0,0,0,0,0,0,0
car-1,2024-06-19 10:02:51,0,0,0,0,0,0,0,0,43,45,0,0,0,0,0,0,0,0,0,0,0,0,0,0,0,0
car-1,2024-06-19 10:03:01,0,0,0,0,0,0,0,0,44,44,0,0,0,0,0,0,0,0,0,0,0,0,0,0,0,0
car-1,2024-06-19 10:03:11,0,0,0,0,0,0,0,0,43,45,0,0,0,0,0,0,0,0,0,0,0,0,0,0,0,0
car-1,2024-06-19 10:03:21,0,0,0,0,0,0,0,0,44,44,0,0,0,0,0,0,0,0,0,0,0,0,0,0,0,0
car-1,2024-06-19 10:03:31,0,0,0,0,0,0,0,0,44,45,0,0,0,0,0,0,0,0,0,0,0,0,0,0,0,0
car-1,2024-06-19 10:03:41,0,0,0,0,0,0,0,0,44,45,0,0,0,0,0,0,0,0,0,0,0,0,0,0,0,0
car-1,2024-06-19 10:03:51,0,0,0,0,0,0,0,0,45,44,0,0,0,0,0,0,0,0,0,0,0,0,0,0,0,0
car-1,2024-06-19 10:04:01,0,0,0,0,0,0,0,0,45,44,0,0,0,0,0,0,0,0,0,0,0,0,0,0,0,0
car-1,2024-06-19 10:04:11,0,0,0,0,0,0,0,0,45,43,0,0,0,0,0,0,0,0,0,0,0,0,0,0,0,0
car-1,2024-06-19 10:04:21,0,0,0,0,0,0,0,0,44,44,0,0,0,0,0,0,0,0,0,0,0,0,0,0,0,0
car-1,2024-06-19 10:04:31,0,0,0,0,0,0,0,0,44,44,0,0,0,0,0,0,0,0,0,0,0,0,0,0,0,0
car-1,2024-06-19 10:04:41,0,0,0,0,0,0,0,0,44,44,0,0,0,0,0,0,0,0,0,0,0,0,0,0,0,0
car-1,2024-06-19 10:04:51,0,0,0,0,0,0,0,0,44,43,0,0,0,0,0,0,0,0,0,0,0,0,0,0,0,0
car-1,2024-06-19 10:05:01,0,0,0,0,0,0,0,0,45,43,0,0,0,0,0,0,0,0,0,0,0,0,0,0,0,0
car-1,2024-06-19 10:05:11,0,0,0,0,0,0,0,0,44,44,0,0,0,0,0,0,0,0,0,0,0,0,0,0,0,0
car-1,2024-06-19 10:05:21,0,0,0,0,0,0,0,0,45,44,0,0,0,0,0,0,0,0,0,0,0,0,0,0,0,0
car-1,2024-06-19 10:05:31,0,0,0,0,0,0,0,0,43,45,0,0,0,0,0,0,0,0,0,0,0,0,0,0,0,0
car-1,2024-06-19 10:05:41,0,0,0,0,0,0,0,0,44,45,0,0,0,0,0,0,0,0,0,0,0,0,0,0,0,0
car-1,2024-06-19 10:05:51,0,0,0,0,0,0,0,0,45,44,0,0,0,0,0,0,0,0,0,0,0,0,0,0,0,0
car-1,2024-06-19 10:06:01,0,0,0,0,0,0,0,0,45,44,0,0,0,0,0,0,0,0,0,0,0,0,0,0,0,0
car-1,2024-06-19 10:06:11,0,0,0,0,0,0,0,0,44,44,0,0,0,0,0,0,0,0,0,0,0,0,0,0,0,0
car-1,2024-06-19 10:06:21,0,0,0,0,0,0,0,0,45,44,0,0,0,0,0,0,0,0,0,0,0,0,0,0,0,0
car-1,2024-06-19 10:06:31,0,0,0,0,0,0,0,0,44,44,0,0,0,0,0,0,0,0,0,0,0,0,0,0,0,0
car-1,2024-06-19 10:06:41,0,0,0,0,0,0,0,0,44,43,0,0,0,0,0,0,0,0,0,0,0,0,0,0,0,0
car-1,2024-06-19 10:06:51,0,0,0,0,0,0,0,0,44,45,0,0,0,0,0,0,0,0,0,0,0,0,0,0,0,0
car-1,2024-06-19 10:07:01,0,0,0,0,0,0,0,0,44,44,0,0,0,0,0,0,0,0,0,0,0,0,0,0,0,0
car-1,2024-06-19 10:07:11,0,0,0,0,0,0,0,0,44,44,0,0,0,0,0,0,0,0,0,0,0,0,0,0,0,0
car-1,2024-06-19 10:07:21,0,0,0,0,0,0,0,0,43,44,0,0,0,0,0,0,0,0,0,0,0,0,0,0,0,0
car-1,2024-06-19 10:07:31,0,0,0,0,0,0,0,0,44,45,0,0,0,0,0,0,0,0,0,0,0,0,0,0,0,0
car-1,2024-06-19 10:07:41,0,0,0,0,0,0,0,0,44,44,0,0,0,0,0,0,0,0,0,0,0,0,0,0,0,0
car-1,2024-06-19 10:07:51,0,0,0,0,0,0,0,0,44,44,0,0,0,0,0,0,0,0,0,0,0,0,0,0,0,0
car-1,2024-06-19 10:08:01,0,0,0,0,0,0,0,0,44,44,0,0,0,0,0,0,0,0,0,0,0,0,0,0,0,0
car-1,2024-06-19 10:08:11,0,0,0,0,0,0,0,0,44,44,0,0,0,0,0,0,0,0,0,0,0,0,0,0,0,0
car-1,2024-06-19 10:08:21,0,0,0,0,0,0,0,0,44,44,0,0,0,0,0,0,0,0,0,0,0,0,0,0,0,0
car-1,2024-06-19 10:08:31,0,0,0,0,0,0,0,0,44,44,0,0,0,0,0,0,0,0,0,0,0,0,0,0,0,0
car-1,2024-06-19 10:08:41,0,0,0,0,0,0,0,0,44,43,0,0,0,0,0,0,0,0,0,0,0,0,0,0,0,0
car-1,2024-06-19 10:08:51,0,0,0,0,0,0,0,0,45,44,0,0,0,0,0,0,0,0,0,0,0,0,0,0,0,0
car-1,2024-06-19 10:09:01,0,0,0,0,0,0,0,0,44,45,0,0,0,0,0,0,0,0,0,0,0,0,0,0,0,0
car-1,2024-06-19 10:09:11,0,0,0,0,0,0,0,0,44,43,0,0,0,0,0,0,0,0,0,0,0,0,0,0,0,0
car-1,2024-06-19 10:09:21,0,0,0,0,0,0,0,0,44,44,0,0,0,0,0,0,0,0,0,0,0,0,0,0,0,0
car-1,2024-06-19 10:09:31,0,0,0,0,0,0,0,0,44,44,0,0,0,0,0,0,0,0,0,0,0,0,0,0,0,0
car-1,2024-06-19 10:09:41,0,0,0,0,0,0,0,0,44,44,0,0,0,0,0,0,0,0,0,0,0,0,0,0,0,0
car-1,2024-06-19 10:09:51,0,0,0,0,0,0,0,0,44,43,0,0,0,0,0,0,0,0,0,0,0,0,0,0,0,0
car-1,2024-06-19 10:10:01,0,0,0,0,0,0,0,0,44,45,0,0,0,0,0,0,0,0,0,0,0,0,0,0,0,0
car-1,2024-06-19 10:10:11,0,0,0,0,0,0,0,0,44,44,0,0,0,0,0,0,0,0,0,0,0,0,0,0,0,0
car-1,2024-06-19 10:10:21,0,0,0,0,0,0,0,0,43,43,0,0,0,0,0,0,0,0,0,0,0,0,0,0,0,0
car-1,2024-06-19 10:10:31,0,0,0,0,0,0,0,0,44,44,0,0,0,0,0,0,0,0,0,0,0,0,0,0,0,0
car-1,2024-06-19 10:10:41,0,0,0,0,0,0,0,0,45,44,0,0,0,0,0,0,0,0,0,0,0,0,0,0,0,0
car-1,2024-06-19 10:10:51,0,0,0,0,0,0,0,0,44,44,0,0,0,0,0,0,0,0,0,0,0,0,0,0,0,0
car-1,2024-06-19 10:11:01,0,0,0,0,0,0,0,0,44,44,0,0,0,0,0,0,0,0,0,0,0,0,0,0,0,0
car-1,2024-06-19 10:11:11,0,0,0,0,0,0,0,0,44,44,0,0,0,0,0,0,0,0,0,0,0,0,0,0,0,0
car-1,2024-06-19 10:11:21,0,0,0,0,0,0,0,0,43,45,0,0,0,0,0,0,0,0,0,0,0,0,0,0,0,0
car-1,2024-06-19 10:11:31,0,0,0,0,0,0,0,0,45,44,0,0,0,0,0,0,0,0,0,0,0,0,0,0,0,0
car-1,2024-06-19 10:11:41,0,0,0,0,0,0,0,0,44,44,0,0,0,0,0,0,0,0,0,0,0,0,0,0,0,0
car-1,2024-06-19 10:11:51,0,0,0,0,0,0,0,0,43,43,0,0,0,0,0,0,0,0,0,0,0,0,0,0,0,0
car-1,2024-06-19 10:12:01,0,0,0,0,0,0,0,0,44,44,0,0,0,0,0,0,0,0,0,0,0,0,0,0,0,0
car-1,2024-06-19 10:12:11,0,0,0,0,0,0,0,0,44,44,0,0,0,0,0,0,0,0,0,0,0,0,0,0,0,0
car-1,2024-06-19 10:12:21,0,0,0,0,0,0,0,0,44,44,0,0,0,0,0,0,0,0,0,0,0,0,0,0,0,0
car-1,2024-06-19 10:12:31,0,0,0,0,0,0,0,0,43,44,0,0,0,0,0,0,0,0,0,0,0,0,0,0,0,0
car-1,2024-06-19 10:12:41,0,0,0,0,0,0,0,0,44,44,0,0,0,0,0,0,0,0,0,0,0,0,0,0,0,0
car-1,2024-06-19 10:12:51,0,0,0,0,0,0,0,0,44,44,0,0,0,0,0,0,0,0,0,0,0,0,0,0,0,0
car-1,2024-06-19 10:13:01,0,0,0,0,0,0,0,0,44,45,0,0,0,0,0,0,0,0,0,0,0,0,0,0,0,0
car-1,2024-06-19 10:13:11,0,0,0,0,0,0,0,0,44,44,0,0,0,0,0,0,0,0,0,0,0,0,0,0,0,0
car-1,2024-06-19 10:13:21,0,0,0,0,0,0,0,0,44,44,0,0,0,0,0,0,0,0,0,0,0,0,0,0,0,0
car-1,2024-06-19 10:13:31,0,0,0,0,0,0,0,0,44,45,0,0,0,0,0,0,0,0,0,0,0,0,0,0,0,0
car-1,2024-06-19 10:13:41,0,0,0,0,0,0,0,0,44,44,0,0,0,0,0,0,0,0,0,0,0,0,0,0,0,0
car-1,2024-06-19 10:13:51,0,0,0,0,0,0,0,0,44,43,0,0,0,0,0,0,0,0,0,0,0,0,0,0,0,0
car-1,2024-06-19 10:14:01,0,0,0,0,0,0,0,0,44,44,0,0,0,0,0,0,0,0,0,0,0,0,0,0,0,0
car-1,2024-06-19 10:14:11,0,0,0,0,0,0,0,0,44,45,0,0,0,0,0,0,0,0,0,0,0,0,0,0,0,0
car-1,2024-06-19 10:14:21,0,0,0,0,0,0,0,0,44,44,0,0,0,0,0,0,0,0,0,0,0,0,0,0,0,0
car-1,2024-06-19 10:14:31,0,0,0,0,0,0,0,0,44,44,0,0,0,0,0,0,0,0,0,0,0,0,0,0,0,0
car-1,2024-06-19 10:14:41,0,0,0,0,0,0,0,0,44,44,0,0,0,0,0,0,0,0,0,0,0,0,0,0,0,0
car-1,2024-06-19 10:14:51,0,0,0,0,0,0,0,0,43,43,0,0,0,0,0,0,0,0,0,0,0,0,0,0,0,0
car-1,2024-06-19 10:15:01,0,0,0,0,0,0,0,0,44,44,0,0,0,0,0,0,0,0,0,0,0,0,0,0,0,0
car-1,2024-06-19 10:15:11,0,0,0,0,0,0,0,0,44,44,0,0,0,0,0,0,0,0,0,0,0,0,0,0,0,0
car-1,2024-06-19 10:15:21,0,0,0,0,0,0,0,0,44,44,0,0,0,0,0,0,0,0,0,0,0,0,0,0,0,0
car-1,2024-06-19 10:15:31,0,0,0,0,0,0,0,0,44,43,0,0,0,0,0,0,0,0,0,0,0,0,0,0,0,0
car-1,2024-06-19 10:15:41,0,0,0,0,0,0,0,0,44,44,0,0,0,0,0,0,0,0,0,0,0,0,0,0,0,0
car-1,2024-06-19 10:15:51,0,0,0,0,0,0,0,0,44,44,0,0,0,0,0,0,0,0,0,0,0,0,0,0,0,0
car-1,2024-06-19 10:16:01,0,0,0,0,0,0,0,0,44,43,0,0,0,0,0,0,0,0,0,0,0,0,0,0,0,0
car-1,2024-06-19 10:16:11,0,0,0,0,0,0,0,0,44,43,0,0,0,0,0,0,0,0,0,0,0,0,0,0,0,0
car-1,2024-06-19 10:16:21,0,0,0,0,0,0,0,0,44,45,0,0,0,0,0,0,0,0,0,0,0,0,0,0,0,0
car-1,2024-06-19 10:16:31,0,0,0,0,0,0,0,0,43,44,0,0,0,0,0,0,0,0,0,0,0,0,0,0,0,0
car-1,2024-06-19 10:16:41,0,0,0,0,0,0,0,0,43,43,0,0,0,0,0,0,0,0,0,0,0,0,0,0,0,0
car-1,2024-06-19 10:16:51,0,0,0,0,0,0,0,0,43,44,0,0,0,0,0,0,0,0,0,0,0,0,0,0,0,0
car-1,2024-06-19 10:17:01,0,0,0,0,0,0,0,0,44,44,0,0,0,0,0,0,0,0,0,0,0,0,0,0,0,0
car-1,2024-06-19 10:17:11,0,0,0,0,0,0,0,0,43,44,0,0,0,0,0,0,0,0,0,0,0,0,0,0,0,0
car-1,2024-06-19 10:17:21,0,0,0,0,0,0,0,0,44,44,0,0,0,0,0,0,0,0,0,0,0,0,0,0,0,0
car-1,2024-06-19 10:17:31,0,0,0,0,0,0,0,0,43,44,0,0,0,0,0,0,0,0,0,0,0,0,0,0,0,0
car-1,2024-06-19 10:17:41,0,0,0,0,0,0,0,0,44,44,0,0,0,0,0,0,0,0,0,0,0,0,0,0,0,0
car-1,2024-06-19 10:17:51,0,0,0,0,0,0,0,0,45,44,0,0,0,0,0,0,0,0,0,0,0,0,0,0,0,0
car-1,2024-06-19 10:18:01,0,0,0,0,0,0,0,0,43,44,0,0,0,0,0,0,0,0,0,0,0,0,0,0,0,0
car-1,2024-06-19 10:18:11,0,0,0,0,0,0,0,0,44,43,0,0,0,0,0,0,0,0,0,0,0,0,0,0,0,0
car-1,2024-06-19 10:18:21,0,0,0,0,0,0,0,0,44,45,0,0,0,0,0,0,0,0,0,0,0,0,0,0,0,0
car-1,2024-06-19 10:18:31,0,0,0,0,0,0,0,0,44,43,0,0,0,0,0,0,0,0,0,0,0,0,0,0,0,0
car-1,2024-06-19 10:18:41,0,0,0,0,0,0,0,0,45,43,0,0,0,0,0,0,0,0,0,0,0,0,0,0,0,0
car-1,2024-06-19 10:18:51,0,0,0,0,0,0,0,0,45,43,0,0,0,0,0,0,0,0,0,0,0,0,0,0,0,0
car-1,2024-06-19 10:19:01,0,0,0,0,0,0,0,0,45,45,0,0,0,0,0,0,0,0,0,0,0,0,0,0,0,0
car-1,2024-06-19 10:19:11,0,0,0,0,0,0,0,0,45,44,0,0,0,0,0,0,0,0,0,0,0,0,0,0,0,0
car-1,2024-06-19 10:19:21,0,0,0,0,0,0,0,0,45,43,0,0,0,0,0,0,0,0,0,0,0,0,0,0,0,0
car-1,2024-06-19 10:19:31,0,0,0,0,0,0,0,0,43,43,0,0,0,0,0,0,0,0,0,0,0,0,0,0,0,0
car-1,2024-06-19 10:19:41,0,0,0,0,0,0,0,0,44,44,0,0,0,0,0,0,0,0,0,0,0,0,0,0,0,0
car-1,2024-06-19 10:19:51,0,0,0,0,0,0,0,0,43,45,0,0,0,0,0,0,0,0,0,0,0,0,0,0,0,0
car-1,2024-06-19 10:20:01,0,0,0,0,0,0,0,0,44,44,0,0,0,0,0,0,0,0,0,0,0,0,0,0,0,0
car-1,2024-06-19 10:20:11,0,0,0,0,0,0,0,0,44,44,0,0,0,0,0,0,0,0,0,0,0,0,0,0,0,0
car-1,2024-06-19 10:20:21,0,0,0,0,0,0,0,0,44,44,0,0,0,0,0,0,0,0,0,0,0,0,0,0,0,0
car-1,2024-06-19 10:20:31,0,0,0,0,0,0,0,0,45,43,0,0,0,0,0,0,0,0,0,0,0,0,0,0,0,0
car-1,2024-06-19 10:20:41,0,0,0,0,0,0,0,0,43,44,0,0,0,0,0,0,0,0,0,0,0,0,0,0,0,0
car-1,2024-06-19 10:20:51,0,0,0,0,0,0,0,0,44,43,0,0,0,0,0,0,0,0,0,0,0,0,0,0,0,0
car-1,2024-06-19 10:21:01,0,0,0,0,0,0,0,0,44,43,0,0,0,0,0,0,0,0,0,0,0,0,0,0,0,0
car-1,2024-06-19 10:21:11,0,0,0,0,0,0,0,0,44,44,0,0,0,0,0,0,0,0,0,0,0,0,0,0,0,0
car-1,2024-06-19 10:21:21,0,0,0,0,0,0,0,0,45,45,0,0,0,0,0,0,0,0,0,0,0,0,0,0,0,0
car-1,2024-06-19 10:21:31,0,0,0,0,0,0,0,0,45,43,0,0,0,0,0,0,0,0,0,0,0,0,0,0,0,0
car-1,2024-06-19 10:21:41,0,0,0,0,0,0,0,0,45,43,0,0,0,0,0,0,0,0,0,0,0,0,0,0,0,0
car-1,2024-06-19 10:21:51,0,0,0,0,0,0,0,0,44,44,0,0,0,0,0,0,0,0,0,0,0,0,0,0,0,0
car-1,2024-06-19 10:22:01,0,0,0,0,0,0,0,0,45,45,0,0,0,0,0,0,0,0,0,0,0,0,0,0,0,0
car-1,2024-06-19 10:22:11,0,0,0,0,0,0,0,0,44,44,0,0,0,0,0,0,0,0,0,0,0,0,0,0,0,0
car-1,2024-06-19 10:22:21,0,0,0,0,0,0,0,0,45,44,0,0,0,0,0,0,0,0,0,0,0,0,0,0,0,0
car-1,2024-06-19 10:22:31,0,0,0,0,0,0,0,0,43,44,0,0,0,0,0,0,0,0,0,0,0,0,0,0,0,0
car-1,2024-06-19 10:22:41,0,0,0,0,0,0,0,0,44,44,0,0,0,0,0,0,0,0,0,0,0,0,0,0,0,0
car-1,2024-06-19 10:22:51,0,0,0,0,0,0,0,0,44,43,0,0,0,0,0,0,0,0,0,0,0,0,0,0,0,0
car-1,2024-06-19 10:23:01,0,0,0,0,0,0,0,0,44,44,0,0,0,0,0,0,0,0,0,0,0,0,0,0,0,0
car-1,2024-06-19 10:23:11,0,0,0,0,0,0,0,0,44,44,0,0,0,0,0,0,0,0,0,0,0,0,0,0,0,0
car-1,2024-06-19 10:23:21,0,0,0,0,0,0,0,0,44,44,0,0,0,0,0,0,0,0,0,0,0,0,0,0,0,0
car-1,2024-06-19 10:23:31,0,0,0,0,0,0,0,0,44,44,0,0,0,0,0,0,0,0,0,0,0,0,0,0,0,0
car-1,2024-06-19 10:23:41,0,0,0,0,0,0,0,0,43,44,0,0,0,0,0,0,0,0,0,0,0,0,0,0,0,0
car-1,2024-06-19 10:23:51,0,0,0,0,0,0,0,0,44,44,0,0,0,0,0,0,0,0,0,0,0,0,0,0,0,0
car-1,2024-06-19 10:24:01,0,0,0,0,0,0,0,0,44,44,0,0,0,0,0,0,0,0,0,0,0,0,0,0,0,0
car-1,2024-06-19 10:24:11,0,0,0,0,0,0,0,0,45,44,0,0,0,0,0,0,0,0,0,0,0,0,0,0,0,0
car-1,2024-06-19 10:24:21,0,0,0,0,0,0,0,0,44,44,0,0,0,0,0,0,0,0,0,0,0,0,0,0,0,0
car-1,2024-06-19 10:24:31,0,0,0,0,0,0,0,0,44,45,0,0,0,0,0,0,0,0,0,0,0,0,0,0,0,0
car-1,2024-06-19 10:24:41,0,0,0,0,0,0,0,0,44,43,0,0,0,0,0,0,0,0,0,0,0,0,0,0,0,0
car-1,2024-06-19 10:24:51,0,0,0,0,0,0,0,0,45,45,0,0,0,0,0,0,0,0,0,0,0,0,0,0,0,0
car-1,2024-06-19 10:25:01,0,0,0,0,0,0,0,0,45,45,0,0,0,0,0,0,0,0,0,0,0,0,0,0,0,0
car-1,2024-06-19 10:25:11,0,0,0,0,0,0,0,0,44,44,0,0,0,0,0,0,0,0,0,0,0,0,0,0,0,0
car-1,2024-06-19 10:25:21,0,0,0,0,0,0,0,0,44,45,0,0,0,0,0,0,0,0,0,0,0,0,0,0,0,0
car-1,2024-06-19 10:25:31,0,0,0,0,0,0,0,0,43,44,0,0,0,0,0,0,0,0,0,0,0,0,0,0,0,0
car-1,2024-06-19 10:25:41,0,0,0,0,0,0,0,0,44,44,0,0,0,0,0,0,0,0,0,0,0,0,0,0,0,0
car-1,2024-06-19 10:25:51,0,0,0,0,0,0,0,0,44,44,0,0,0,0,0,0,0,0,0,0,0,0,0,0,0,0
car-1,2024-06-19 10:26:01,0,0,0,0,0,0,0,0,44,44,0,0,0,0,0,0,0,0,0,0,0,0,0,0,0,0
car-1,2024-06-19 10:26:11,0,0,0,0,0,0,0,0,44,44,0,0,0,0,0,0,0,0,0,0,0,0,0,0,0,0
car-1,2024-06-19 10:26:21,0,0,0,0,0,0,0,0,43,44,0,0,0,0,0,0,0,0,0,0,0,0,0,0,0,0
car-1,2024-06-19 10:26:31,0,0,0,0,0,0,0,0,44,45,0,0,0,0,0,0,0,0,0,0,0,0,0,0,0,0
car-1,2024-06-19 10:26:41,0,0,0,0,0,0,0,0,44,45,0,0,0,0,0,0,0,0,0,0,0,0,0,0,0,0
car-1,2024-06-19 10:26:51,0,0,0,0,0,0,0,0,44,44,0,0,0,0,0,0,0,0,0,0,0,0,0,0,0,0
car-1,2024-06-19 10:27:01,0,0,0,0,0,0,0,0,44,44,0,0,0,0,0,0,0,0,0,0,0,0,0,0,0,0
car-1,2024-06-19 10:27:11,0,0,0,0,0,0,0,0,44,44,0,0,0,0,0,0,0,0,0,0,0,0,0,0,0,0
car-1,2024-06-19 10:27:21,0,0,0,0,0,0,0,0,44,45,0,0,0,0,0,0,0,0,0,0,0,0,0,0,0,0
car-1,2024-06-19 10:27:31,0,0,0,0,0,0,0,0,44,45,0,0,0,0,0,0,0,0,0,0,0,0,0,0,0,0
car-1,2024-06-19 10:27:41,0,0,0,0,0,0,0,0,44,45,0,0,0,0,0,0,0,0,0,0,0,0,0,0,0,0
car-1,2024-06-19 10:27:51,0,0,0,0,0,0,0,0,44,44,0,0,0,0,0,0,0,0,0,0,0,0,0,0,0,0
car-1,2024-06-19 10:28:01,0,0,0,0,0,0,0,0,43,44,0,0,0,0,0,0,0,0,0,0,0,0,0,0,0,0
car-1,2024-06-19 10:28:11,0,0,0,0,0,0,0,0,45,43,0,0,0,0,0,0,0,0,0,0,0,0,0,0,0,0
car-1,2024-06-19 10:28:21,0,0,0,0,0,0,0,0,44,43,0,0,0,0,0,0,0,0,0,0,0,0,0,0,0,0
car-1,2024-06-19 10:28:31,0,0,0,0,0,0,0,0,45,45,0,0,0,0,0,0,0,0,0,0,0,0,0,0,0,0
car-1,2024-06-19 10:28:41,0,0,0,0,0,0,0,0,45,44,0,0,0,0,0,0,0,0,0,0,0,0,0,0,0,0
car-1,2024-06-19 10:28:51,0,0,0,0,0,0,0,0,44,45,0,0,0,0,0,0,0,0,0,0,0,0,0,0,0,0
car-1,2024-06-19 10:29:01,0,0,0,0,0,0,0,0,44,44,0,0,0,0,0,0,0,0,0,0,0,0,0,0,0,0
car-1,2024-06-19 10:29:11,0,0,0,0,0,0,0,0,44,44,0,0,0,0,0,0,0,0,0,0,0,0,0,0,0,0
car-1,2024-06-19 10:29:21,0,0,0,0,0,0,0,0,45,44,0,0,0,0,0,0,0,0,0,0,0,0,0,0,0,0
car-1,2024-06-19 10:29:31,0,0,0,0,0,0,0,0,44,44,0,0,0,0,0,0,0,0,0,0,0,0,0,0,0,0
car-1,2024-06-19 10:29:41,0,0,0,0,0,0,0,0,44,45,0,0,0,0,0,0,0,0,0,0,0,0,0,0,0,0
car-1,2024-06-19 10:29:51,0,0,0,0,0,0,0,0,45,44,0,0,0,0,0,0,0,0,0,0,0,0,0,0,0,0
car-1,2024-06-19 10:30:01,0,0,0,0,0,0,0,0,44,44,0,0,0,0,0,0,0,0,0,0,0,0,0,0,0,0
car-1,2024-06-19 10:30:11,0,0,0,0,0,0,0,0,44,44,0,0,0,0,0,0,0,0,0,0,0,0,0,0,0,0
car-1,2024-06-19 10:30:21,0,0,0,0,0,0,0,0,44,44,0,0,0,0,0,0,0,0,0,0,0,0,0,0,0,0
car-1,2024-06-19 10:30:31,0,0,0,0,0,0,0,0,43,44,0,0,0,0,0,0,0,0,0,0,0,0,0,0,0,0
car-1,2024-06-19 10:30:41,0,0,0,0,0,0,0,0,44,44,0,0,0,0,0,0,0,0,0,0,0,0,0,0,0,0
car-1,2024-06-19 10:30:51,0,0,0,0,0,0,0,0,45,44,0,0,0,0,0,0,0,0,0,0,0,0,0,0,0,0
car-1,2024-06-19 10:31:01,0,0,0,0,0,0,0,0,44,45,0,0,0,0,0,0,0,0,0,0,0,0,0,0,0,0
car-1,2024-06-19 16:07:02,0,0,0,0,0,0,0,0,45,45,0,0,0,0,0,0,0,0,0,0,0,0,0,0,0,0
car-1,2024-06-19 16:07:22,0,0,0,0,0,0,0,0,46,46,0,0,0,0,0,0,0,0,0,0,0,0,0,0,0,0
car-1,2024-06-19 16:07:32,0,0,0,0,0,0,0,0,47,45,0,0,0,0,0,0,0,0,0,0,0,0,0,0,0,0
car-1,2024-06-19 16:07:42,0,0,0,0,0,0,0,0,45,46,0,0,0,0,0,0,0,0,0,0,0,0,0,0,0,0
car-1,2024-06-19 16:07:52,0,0,0,0,0,0,0,0,46,46,0,0,0,0,0,0,0,0,0,0,0,0,0,0,0,0
car-1,2024-06-19 16:08:02,0,0,0,0,0,0,0,0,46,45,0,0,0,0,0,0,0,0,0,0,0,0,0,0,0,0
car-1,2024-06-19 16:08:12,0,0,0,0,0,0,0,0,46,46,0,0,0,0,0,0,0,0,0,0,0,0,0,0,0,0
car-1,2024-06-19 16:08:22,0,0,0,0,0,0,0,0,46,46,0,0,0,0,0,0,0,0,0,0,0,0,0,0,0,0
car-1,2024-06-19 16:08:32,-32,26,24,0,0,0,0,0,46,45,0,0,0,0,0,R,0,0,0,0,0,0,0,0,0,0
car-1,2024-06-19 16:08:42,2,26,24,0,0,0,100,0,46,46,0,0,0,0,0,R,0,0,0,0,0,0,0,0,0,0
car-1,2024-06-19 16:08:52,5039,26,24,0,0,5,0,0,47,47,0,0,0,0,0,R,0,0,0,0,0,0,0,0,0,0
car-1,2024-06-19 16:09:02,5039,26,24,0,0,5,0,0,47,46,0,0,0,0,0,R,0,0,0,0,0,0,0,0,0,0
car-1,2024-06-19 16:09:12,3,26,24,0,0,5,0,0,47,47,0,0,0,0,0,N,0,0,0,0,0,0,0,0,0,0
car-1,2024-06-19 16:09:22,-306,25,24,2,0,0,100,0,47,47,0,0,0,0,0,R,0,0,0,0,0,0,0,0,0,0
car-1,2024-06-19 16:09:32,1043,26,24,1,0,5,0,0,48,47,0,0,0,0,0,R,0,0,0,0,0,0,0,0,0,0
car-1,2024-06-19 16:09:42,1939,26,45,43,0,0,0,0,48,47,0,0,0,0,0,R,0,0,0,0,0,0,0,0,0,0
car-1,2024-06-19 16:09:52,1939,26,45,43,0,0,0,0,48,47,0,0,0,0,0,R,0,0,0,0,0,0,0,0,0,0
car-1,2024-06-19 16:10:02,1939,26,45,43,0,0,0,0,46,47,0,0,0,0,0,R,0,0,0,0,0,0,0,0,0,0
car-1,2024-06-19 16:10:12,0,27,36,0,0,1,72,0,48,49,0,0,0,0,0,R,0,0,0,0,0,0,0,0,0,0
car-1,2024-06-19 16:10:22,1,27,36,0,0,1,72,0,48,47,0,0,0,0,0,R,0,0,0,0,0,0,0,0,0,0
car-1,2024-06-19 16:10:32,1828,28,36,23,0,1,72,0,48,47,0,0,0,0,0,R,0,0,0,0,0,0,0,0,0,0
car-1,2024-06-19 16:10:42,6105,27,37,41,0,1,72,0,47,48,0,0,0,0,0,R,0,0,0,0,0,0,0,0,0,0
car-1,2024-06-19 16:10:52,6749,28,39,45,0,1,72,0,49,49,0,0,0,0,0,R,0,0,0,0,0,0,0,0,0,0
car-1,2024-06-19 16:11:02,6031,28,41,40,0,1,72,0,48,48,0,0,0,0,0,R,0,0,0,0,0,0,0,0,0,0
car-1,2024-06-19 16:11:12,5000,28,42,33,0,1,72,0,49,47,0,0,0,0,0,R,0,0,0,0,0,0,0,0,0,0
car-1,2024-06-19 16:11:22,6082,28,43,42,0,1,72,0,48,47,0,0,0,0,0,R,0,0,0,0,0,0,0,0,0,0
car-1,2024-06-19 16:11:32,5943,28,45,40,0,1,72,0,48,47,0,0,0,0,0,R,0,0,0,0,0,0,0,0,0,0
car-1,2024-06-19 16:11:42,6688,28,46,45,0,1,72,0,49,48,0,0,0,0,0,R,0,0,0,0,0,0,0,0,0,0
car-1,2024-06-19 16:11:52,6719,28,47,45,0,2,72,0,49,48,0,0,0,0,0,R,0,0,0,0,0,0,0,0,0,0
car-1,2024-06-19 16:12:02,5884,28,48,39,0,2,72,0,49,48,0,0,0,0,0,R,0,0,0,0,0,0,0,0,0,0
car-1,2024-06-19 16:12:12,5093,28,49,34,0,2,72,0,49,49,0,0,0,0,0,R,0,0,0,0,0,0,0,0,0,0
car-1,2024-06-19 16:12:22,6442,28,50,44,0,2,72,0,49,48,0,0,0,0,0,R,0,0,0,0,0,0,0,0,0,0
car-1,2024-06-19 16:12:32,5823,28,51,32,0,2,72,0,49,48,0,0,0,0,0,R,0,0,0,0,0,0,0,0,0,0
car-1,2024-06-19 16:12:42,1,28,51,0,0,2,72,0,48,48,0,0,0,0,0,R,0,0,0,0,0,0,0,0,0,0
car-1,2024-06-19 16:12:52,1,28,51,0,0,2,72,0,49,48,0,0,0,0,0,R,0,0,0,0,0,0,0,0,0,0
car-1,2024-06-19 16:13:02,1,27,36,0,0,1,72,0,48,48,0,0,0,0,0,R,0,0,0,0,0,0,0,0,0,0
car-1,2024-06-19 16:13:12,194,27,36,0,0,1,72,0,48,48,0,0,0,0,0,R,0,0,0,0,0,0,0,0,0,0
car-1,2024-06-19 16:13:22,194,27,36,0,0,1,72,0,48,48,0,0,0,0,0,R,0,0,0,0,0,0,0,0,0,0
car-1,2024-06-19 16:13:32,194,27,36,0,0,1,72,0,48,48,0,0,0,0,0,R,0,0,0,0,0,0,0,0,0,0
car-1,2024-06-19 16:13:42,194,27,36,0,0,1,72,0,49,48,0,0,0,0,0,R,0,0,0,0,0,0,0,0,0,0
car-1,2024-06-19 16:13:52,194,27,36,0,0,1,72,0,48,48,0,0,0,0,0,R,0,0,0,0,0,0,0,0,0,0
car-1,2024-06-19 16:14:02,194,27,36,0,0,1,72,0,48,49,0,0,0,0,0,R,0,0,0,0,0,0,0,0,0,0
car-1,2024-06-19 16:14:12,194,27,36,0,0,1,72,0,47,47,0,0,0,0,0,R,0,0,0,0,0,0,0,0,0,0
car-1,2024-06-19 16:14:22,194,27,36,0,0,1,72,0,48,48,0,0,0,0,0,R,0,0,0,0,0,0,0,0,0,0
car-1,2024-06-19 16:14:32,194,27,36,0,0,1,72,0,48,48,0,0,0,0,0,R,0,0,0,0,0,0,0,0,0,0
car-1,2024-06-19 16:14:42,194,27,36,0,0,1,72,0,48,48,0,0,0,0,0,R,0,0,0,0,0,0,0,0,0,0
car-1,2024-06-19 16:14:52,194,27,36,0,0,1,72,0,48,47,0,0,0,0,0,R,0,0,0,0,0,0,0,0,0,0
car-1,2024-06-19 16:15:02,194,27,36,0,0,1,72,0,48,48,0,0,0,0,0,R,0,0,0,0,0,0,0,0,0,0
car-1,2024-06-19 16:15:12,194,27,36,0,0,1,72,0,48,47,0,0,0,0,0,R,0,0,0,0,0,0,0,0,0,0
car-1,2024-06-19 16:15:22,194,27,36,0,0,1,72,0,49,47,0,0,0,0,0,R,0,0,0,0,0,0,0,0,0,0
car-1,2024-06-19 16:15:32,194,27,36,0,0,1,72,0,49,48,0,0,0,0,0,R,0,0,0,0,0,0,0,0,0,0
car-1,2024-06-19 16:15:42,194,27,36,0,0,1,72,0,48,49,0,0,0,0,0,R,0,0,0,0,0,0,0,0,0,0
car-1,2024-06-19 16:15:52,194,27,36,0,0,1,72,0,48,48,0,0,0,0,0,R,0,0,0,0,0,0,0,0,0,0
car-1,2024-06-19 16:16:02,194,27,36,0,0,1,72,0,47,48,0,0,0,0,0,R,0,0,0,0,0,0,0,0,0,0
car-1,2024-06-19 16:16:12,194,27,36,0,0,1,72,0,47,48,0,0,0,0,0,R,0,0,0,0,0,0,0,0,0,0
car-1,2024-06-19 16:16:22,194,27,36,0,0,1,72,0,47,47,0,0,0,0,0,R,0,0,0,0,0,0,0,0,0,0
car-1,2024-06-19 16:16:32,194,27,36,0,0,1,72,0,48,47,0,0,0,0,0,R,0,0,0,0,0,0,0,0,0,0
car-1,2024-06-19 16:16:42,194,27,36,0,0,1,72,0,48,47,0,0,0,0,0,R,0,0,0,0,0,0,0,0,0,0
car-1,2024-06-19 16:16:52,194,27,36,0,0,1,72,0,47,48,0,0,0,0,0,R,0,0,0,0,0,0,0,0,0,0
car-1,2024-06-19 16:17:02,194,27,36,0,0,1,72,0,48,48,0,0,0,0,0,R,0,0,0,0,0,0,0,0,0,0
car-1,2024-06-19 16:17:12,194,27,36,0,0,1,72,0,48,48,0,0,0,0,0,R,0,0,0,0,0,0,0,0,0,0
car-1,2024-06-19 16:17:22,194,27,36,0,0,1,72,0,49,48,0,0,0,0,0,R,0,0,0,0,0,0,0,0,0,0
car-1,2024-06-19 16:17:32,194,27,36,0,0,1,72,0,48,47,0,0,0,0,0,R,0,0,0,0,0,0,0,0,0,0
car-1,2024-06-19 16:17:42,194,27,36,0,0,1,72,0,47,48,0,0,0,0,0,R,0,0,0,0,0,0,0,0,0,0
car-1,2024-06-19 16:17:52,194,27,36,0,0,1,72,0,49,48,0,0,0,0,0,R,0,0,0,0,0,0,0,0,0,0
car-1,2024-06-19 16:18:02,194,27,36,0,0,1,72,0,48,47,0,0,0,0,0,R,0,0,0,0,0,0,0,0,0,0
car-1,2024-06-19 16:18:12,194,27,36,0,0,1,72,0,48,48,0,0,0,0,0,R,0,0,0,0,0,0,0,0,0,0
car-1,2024-06-19 16:18:22,194,27,36,0,0,1,72,0,48,48,0,0,0,0,0,R,0,0,0,0,0,0,0,0,0,0
car-1,2024-06-19 16:18:32,194,27,36,0,0,1,72,0,48,47,0,0,0,0,0,R,0,0,0,0,0,0,0,0,0,0
car-1,2024-06-19 16:18:42,194,27,36,0,0,1,72,0,47,48,0,0,0,0,0,R,0,0,0,0,0,0,0,0,0,0
car-1,2024-06-19 16:18:52,194,27,36,0,0,1,72,0,48,48,0,0,0,0,0,R,0,0,0,0,0,0,0,0,0,0
car-1,2024-06-19 16:19:02,194,27,36,0,0,1,72,0,47,48,0,0,0,0,0,R,0,0,0,0,0,0,0,0,0,0
car-1,2024-06-19 16:19:12,194,27,36,0,0,1,72,0,48,48,0,0,0,0,0,R,0,0,0,0,0,0,0,0,0,0
car-1,2024-06-19 16:19:22,194,27,36,0,0,1,72,0,48,49,0,0,0,0,0,R,0,0,0,0,0,0,0,0,0,0
car-1,2024-06-19 16:19:32,194,27,36,0,0,1,72,0,48,47,0,0,0,0,0,R,0,0,0,0,0,0,0,0,0,0
car-1,2024-06-19 16:19:42,194,27,36,0,0,1,72,0,47,47,0,0,0,0,0,R,0,0,0,0,0,0,0,0,0,0
car-1,2024-06-19 16:19:52,194,27,36,0,0,1,72,0,48,48,0,0,0,0,0,R,0,0,0,0,0,0,0,0,0,0
car-1,2024-06-19 16:20:02,194,27,36,0,0,1,72,0,48,48,0,0,0,0,0,R,0,0,0,0,0,0,0,0,0,0
car-1,2024-06-19 16:20:12,194,27,36,0,0,1,72,0,48,49,0,0,0,0,0,R,0,0,0,0,0,0,0,0,0,0
car-1,2024-06-19 16:20:22,194,27,36,0,0,1,72,0,47,48,0,0,0,0,0,R,0,0,0,0,0,0,0,0,0,0
car-1,2024-06-19 16:20:32,194,27,36,0,0,1,72,0,48,48,0,0,0,0,0,R,0,0,0,0,0,0,0,0,0,0
car-1,2024-06-19 16:20:42,194,27,36,0,0,1,72,0,48,48,0,0,0,0,0,R,0,0,0,0,0,0,0,0,0,0
car-1,2024-06-19 16:20:52,194,27,36,0,0,1,72,0,48,47,0,0,0,0,0,R,0,0,0,0,0,0,0,0,0,0
car-1,2024-06-19 16:21:02,194,27,36,0,0,1,72,0,48,48,0,0,0,0,0,R,0,0,0,0,0,0,0,0,0,0
car-1,2024-06-19 16:21:12,194,27,36,0,0,1,72,0,47,48,0,0,0,0,0,R,0,0,0,0,0,0,0,0,0,0
car-1,2024-06-19 16:21:22,194,27,36,0,0,1,72,0,49,48,0,0,0,0,0,R,0,0,0,0,0,0,0,0,0,0
car-1,2024-06-19 16:21:32,194,27,36,0,0,1,72,0,47,50,0,0,0,0,0,R,0,0,0,0,0,0,0,0,0,0
car-1,2024-06-19 16:21:42,194,27,36,0,0,1,72,0,48,49,0,0,0,0,0,R,0,0,0,0,0,0,0,0,0,0
car-1,2024-06-19 16:21:52,194,27,36,0,0,1,72,0,49,48,0,0,0,0,0,R,0,0,0,0,0,0,0,0,0,0
car-1,2024-06-19 16:22:02,194,27,36,0,0,1,72,0,49,48,0,0,0,0,0,R,0,0,0,0,0,0,0,0,0,0
